processed
5990.0 8666.0 0.0 0.00000 0.00000 0.00000 0.00000    5990.0 8724.0 0.0 0.00000 0.00000 0.00000 0.00000    5740.0 8666.0 0.0 0.00000 0.00000 0.00000 0.00000    5740.0 8724.0 0.0 0.00000 0.00000 0.00000 0.00000  1
5960.0 8724.0 0.0 0.00000 0.00000 0.00000 0.00000    5960.0 8758.0 0.0 0.00000 0.00000 0.00000 0.00000    5928.0 8724.0 0.0 0.00000 0.00000 0.00000 0.00000    5928.0 8758.0 0.0 0.00000 0.00000 0.00000 0.00000  1
5990.0 8724.0 0.0 0.00000 0.00000 0.00000 0.00000    5990.0 8818.0 0.0 0.00000 0.00000 0.00000 0.00000    5960.0 8724.0 0.0 0.00000 0.00000 0.00000 0.00000    5960.0 8818.0 0.0 0.00000 0.00000 0.00000 0.00000  1
5990.0 8818.0 0.0 0.00000 0.00000 0.00000 0.00000    5990.0 8864.0 0.0 0.00000 0.00000 0.00000 0.00000    5858.0 8818.0 0.0 0.00000 0.00000 0.00000 0.00000    5858.0 8864.0 0.0 0.00000 0.00000 0.00000 0.00000  1
6140.0 8666.0 0.0 0.00000 0.00000 0.00000 0.00000    6140.0 9268.0 0.0 0.00000 0.00000 0.00000 0.00000    5990.0 8666.0 0.0 0.00000 0.00000 0.00000 0.00000    5990.0 9268.0 0.0 0.00000 0.00000 0.00000 0.00000  1
6172.0 8760.0 0.0 0.00000 0.00000 0.00000 0.00000    6172.0 9268.0 0.0 0.00000 0.00000 0.00000 0.00000    6140.0 8760.0 0.0 0.00000 0.00000 0.00000 0.00000    6140.0 9268.0 0.0 0.00000 0.00000 0.00000 0.00000  1
6134.0 9312.1 0.0 0.00000 0.00000 0.00000 0.00000    6134.0 9359.4 0.0 0.00000 0.00000 0.00000 0.00000    5966.0 9312.1 0.0 0.00000 0.00000 0.00000 0.00000    5966.0 9359.4 0.0 0.00000 0.00000 0.00000 0.00000  1
6158.0 9268.0 0.0 0.00000 0.00000 0.00000 0.00000    6158.0 9312.0 0.0 0.00000 0.00000 0.00000 0.00000    5982.0 9268.0 0.0 0.00000 0.00000 0.00000 0.00000    5982.0 9312.0 0.0 0.00000 0.00000 0.00000 0.00000  1
6110.0 9359.4 0.0 0.00000 0.00000 0.00000 0.00000    6110.0 9406.7 0.0 0.00000 0.00000 0.00000 0.00000    5942.0 9359.4 0.0 0.00000 0.00000 0.00000 0.00000    5942.0 9406.7 0.0 0.00000 0.00000 0.00000 0.00000  1
6082.0 9406.7 0.0 0.00000 0.00000 0.00000 0.00000    6082.0 9454.0 0.0 0.00000 0.00000 0.00000 0.00000    5914.0 9406.7 0.0 0.00000 0.00000 0.00000 0.00000    5914.0 9454.0 0.0 0.00000 0.00000 0.00000 0.00000  1
6054.0 9454.0 0.0 0.00000 0.00000 0.00000 0.00000    6054.0 9976.0 0.0 0.00000 0.00000 0.00000 0.00000    5914.0 9454.0 0.0 0.00000 0.00000 0.00000 0.00000    5914.0 9976.0 0.0 0.00000 0.00000 0.00000 0.00000  1
-1722.0 6916.0 0.0 0.00000 0.00000 0.00000 0.00000    -1722.0 7490.0 0.0 0.00000 0.00000 0.00000 0.00000    -2162.0 6916.0 0.0 0.00000 0.00000 0.00000 0.00000    -2162.0 7490.0 0.0 0.00000 0.00000 0.00000 0.00000  1
-1722.0 6680.0 0.0 0.00000 0.00000 0.00000 0.00000    -1722.0 6916.0 0.0 0.00000 0.00000 0.00000 0.00000    -1880.0 6680.0 0.0 0.00000 0.00000 0.00000 0.00000    -1880.0 6916.0 0.0 0.00000 0.00000 0.00000 0.00000  1
-1634.0 6484.0 0.0 0.00000 0.00000 0.00000 0.00000    -1634.0 6916.0 0.0 0.00000 0.00000 0.00000 0.00000    -1722.0 6484.0 0.0 0.00000 0.00000 0.00000 0.00000    -1722.0 6916.0 0.0 0.00000 0.00000 0.00000 0.00000  1
-1722.0 6638.0 0.0 0.00000 0.00000 0.00000 0.00000    -1722.0 6680.0 0.0 0.00000 0.00000 0.00000 0.00000    -1758.0 6638.0 0.0 0.00000 0.00000 0.00000 0.00000    -1758.0 6680.0 0.0 0.00000 0.00000 0.00000 0.00000  1
-1536.0 6132.0 0.0 0.00000 0.00000 0.00000 0.00000    -1536.0 6660.0 0.0 0.00000 0.00000 0.00000 0.00000    -1634.0 6132.0 0.0 0.00000 0.00000 0.00000 0.00000    -1634.0 6660.0 0.0 0.00000 0.00000 0.00000 0.00000  1
-1102.0 6096.0 0.0 0.00000 0.00000 0.00000 0.00000    -1102.0 6350.0 0.0 0.00000 0.00000 0.00000 0.00000    -1536.0 6096.0 0.0 0.00000 0.00000 0.00000 0.00000    -1536.0 6350.0 0.0 0.00000 0.00000 0.00000 0.00000  1
-1360.0 -1826.0 0.0 0.00000 0.00000 0.00000 0.00000    -1360.0 -1642.0 0.0 0.00000 0.00000 0.00000 0.00000    -1584.0 -1826.0 0.0 0.00000 0.00000 0.00000 0.00000    -1584.0 -1642.0 0.0 0.00000 0.00000 0.00000 0.00000  1
-2832.0 354.0 0.0 0.00000 0.00000 0.00000 0.00000    -2832.0 2942.0 0.0 0.00000 0.00000 0.00000 0.00000    -3000.0 354.0 0.0 0.00000 0.00000 0.00000 0.00000    -3000.0 2942.0 0.0 0.00000 0.00000 0.00000 0.00000  1
-2704.0 1296.0 0.0 0.00000 0.00000 0.00000 0.00000    -2704.0 2192.0 0.0 0.00000 0.00000 0.00000 0.00000    -2832.0 1296.0 0.0 0.00000 0.00000 0.00000 0.00000    -2832.0 2192.0 0.0 0.00000 0.00000 0.00000 0.00000  1
-2240.0 1360.0 0.0 0.00000 0.00000 0.00000 0.00000    -2240.0 2224.0 0.0 0.00000 0.00000 0.00000 0.00000    -2704.0 1360.0 0.0 0.00000 0.00000 0.00000 0.00000    -2704.0 2224.0 0.0 0.00000 0.00000 0.00000 0.00000  1
-2000.0 1432.0 0.0 0.00000 0.00000 0.00000 0.00000    -2000.0 2224.0 0.0 0.00000 0.00000 0.00000 0.00000    -2240.0 1432.0 0.0 0.00000 0.00000 0.00000 0.00000    -2240.0 2224.0 0.0 0.00000 0.00000 0.00000 0.00000  1
-2000.0 1312.0 0.0 0.00000 0.00000 0.00000 0.00000    -2000.0 1432.0 0.0 0.00000 0.00000 0.00000 0.00000    -2064.0 1312.0 0.0 0.00000 0.00000 0.00000 0.00000    -2064.0 1432.0 0.0 0.00000 0.00000 0.00000 0.00000  1
-1712.0 1392.0 0.0 0.00000 0.00000 0.00000 0.00000    -1712.0 1792.0 0.0 0.00000 0.00000 0.00000 0.00000    -2000.0 1392.0 0.0 0.00000 0.00000 0.00000 0.00000    -2000.0 1792.0 0.0 0.00000 0.00000 0.00000 0.00000  1
-1724.0 1792.0 0.0 0.00000 0.00000 0.00000 0.00000    -1724.0 2016.0 0.0 0.00000 0.00000 0.00000 0.00000    -2000.0 1792.0 0.0 0.00000 0.00000 0.00000 0.00000    -2000.0 2016.0 0.0 0.00000 0.00000 0.00000 0.00000  1
-1836.0 2016.0 0.0 0.00000 0.00000 0.00000 0.00000    -1836.0 2176.0 0.0 0.00000 0.00000 0.00000 0.00000    -2000.0 2016.0 0.0 0.00000 0.00000 0.00000 0.00000    -2000.0 2176.0 0.0 0.00000 0.00000 0.00000 0.00000  1
-1920.0 2176.0 0.0 0.00000 0.00000 0.00000 0.00000    -1920.0 2224.0 0.0 0.00000 0.00000 0.00000 0.00000    -2000.0 2176.0 0.0 0.00000 0.00000 0.00000 0.00000    -2000.0 2224.0 0.0 0.00000 0.00000 0.00000 0.00000  1
-2000.0 2224.0 0.0 0.00000 0.00000 0.00000 0.00000    -2000.0 2432.0 0.0 0.00000 0.00000 0.00000 0.00000    -2208.0 2224.0 0.0 0.00000 0.00000 0.00000 0.00000    -2208.0 2432.0 0.0 0.00000 0.00000 0.00000 0.00000  1
-2000.0 2432.0 0.0 0.00000 0.00000 0.00000 0.00000    -2000.0 2576.0 0.0 0.00000 0.00000 0.00000 0.00000    -2208.0 2432.0 0.0 0.00000 0.00000 0.00000 0.00000    -2208.0 2576.0 0.0 0.00000 0.00000 0.00000 0.00000  1
-2208.0 2448.0 0.0 0.00000 0.00000 0.00000 0.00000    -2208.0 2576.0 0.0 0.00000 0.00000 0.00000 0.00000    -2352.0 2448.0 0.0 0.00000 0.00000 0.00000 0.00000    -2352.0 2576.0 0.0 0.00000 0.00000 0.00000 0.00000  1
-2208.0 2344.0 0.0 0.00000 0.00000 0.00000 0.00000    -2208.0 2448.0 0.0 0.00000 0.00000 0.00000 0.00000    -2312.0 2344.0 0.0 0.00000 0.00000 0.00000 0.00000    -2312.0 2448.0 0.0 0.00000 0.00000 0.00000 0.00000  1
-1600.0 1360.0 0.0 0.00000 0.00000 0.00000 0.00000    -1600.0 1792.0 0.0 0.00000 0.00000 0.00000 0.00000    -1712.0 1360.0 0.0 0.00000 0.00000 0.00000 0.00000    -1712.0 1792.0 0.0 0.00000 0.00000 0.00000 0.00000  1
-1600.0 1280.0 0.0 0.00000 0.00000 0.00000 0.00000    -1600.0 1360.0 0.0 0.00000 0.00000 0.00000 0.00000    -1664.0 1280.0 0.0 0.00000 0.00000 0.00000 0.00000    -1664.0 1360.0 0.0 0.00000 0.00000 0.00000 0.00000  1
-1440.0 1280.0 0.0 0.00000 0.00000 0.00000 0.00000    -1440.0 1696.0 0.0 0.00000 0.00000 0.00000 0.00000    -1600.0 1280.0 0.0 0.00000 0.00000 0.00000 0.00000    -1600.0 1696.0 0.0 0.00000 0.00000 0.00000 0.00000  1
-1488.0 1696.0 0.0 0.00000 0.00000 0.00000 0.00000    -1488.0 1744.0 0.0 0.00000 0.00000 0.00000 0.00000    -1600.0 1696.0 0.0 0.00000 0.00000 0.00000 0.00000    -1600.0 1744.0 0.0 0.00000 0.00000 0.00000 0.00000  1
-1232.0 1440.0 0.0 0.00000 0.00000 0.00000 0.00000    -1232.0 1696.0 0.0 0.00000 0.00000 0.00000 0.00000    -1440.0 1440.0 0.0 0.00000 0.00000 0.00000 0.00000    -1440.0 1696.0 0.0 0.00000 0.00000 0.00000 0.00000  1
-1136.0 1440.0 0.0 0.00000 0.00000 0.00000 0.00000    -1136.0 1616.0 0.0 0.00000 0.00000 0.00000 0.00000    -1232.0 1440.0 0.0 0.00000 0.00000 0.00000 0.00000    -1232.0 1616.0 0.0 0.00000 0.00000 0.00000 0.00000  1
-1136.0 1280.0 0.0 0.00000 0.00000 0.00000 0.00000    -1136.0 1440.0 0.0 0.00000 0.00000 0.00000 0.00000    -1440.0 1280.0 0.0 0.00000 0.00000 0.00000 0.00000    -1440.0 1440.0 0.0 0.00000 0.00000 0.00000 0.00000  1
-1104.0 1248.0 0.0 0.00000 0.00000 0.00000 0.00000    -1104.0 1424.0 0.0 0.00000 0.00000 0.00000 0.00000    -1136.0 1248.0 0.0 0.00000 0.00000 0.00000 0.00000    -1136.0 1424.0 0.0 0.00000 0.00000 0.00000 0.00000  1
-1104.0 1104.0 0.0 0.00000 0.00000 0.00000 0.00000    -1104.0 1248.0 0.0 0.00000 0.00000 0.00000 0.00000    -1520.0 1104.0 0.0 0.00000 0.00000 0.00000 0.00000    -1520.0 1248.0 0.0 0.00000 0.00000 0.00000 0.00000  1
-1136.0 1248.0 0.0 0.00000 0.00000 0.00000 0.00000    -1136.0 1280.0 0.0 0.00000 0.00000 0.00000 0.00000    -1520.0 1248.0 0.0 0.00000 0.00000 0.00000 0.00000    -1520.0 1280.0 0.0 0.00000 0.00000 0.00000 0.00000  1
-1520.0 1200.0 0.0 0.00000 0.00000 0.00000 0.00000    -1520.0 1280.0 0.0 0.00000 0.00000 0.00000 0.00000    -1600.0 1200.0 0.0 0.00000 0.00000 0.00000 0.00000    -1600.0 1280.0 0.0 0.00000 0.00000 0.00000 0.00000  1
-932.0 944.0 0.0 0.00000 0.00000 0.00000 0.00000    -932.0 1136.0 0.0 0.00000 0.00000 0.00000 0.00000    -1104.0 944.0 0.0 0.00000 0.00000 0.00000 0.00000    -1104.0 1136.0 0.0 0.00000 0.00000 0.00000 0.00000  1
-1104.0 944.0 0.0 0.00000 0.00000 0.00000 0.00000    -1104.0 1104.0 0.0 0.00000 0.00000 0.00000 0.00000    -1424.0 944.0 0.0 0.00000 0.00000 0.00000 0.00000    -1424.0 1104.0 0.0 0.00000 0.00000 0.00000 0.00000  1
-1424.0 1008.0 0.0 0.00000 0.00000 0.00000 0.00000    -1424.0 1104.0 0.0 0.00000 0.00000 0.00000 0.00000    -1520.0 1008.0 0.0 0.00000 0.00000 0.00000 0.00000    -1520.0 1104.0 0.0 0.00000 0.00000 0.00000 0.00000  1
-896.0 784.0 0.0 0.00000 0.00000 0.00000 0.00000    -896.0 944.0 0.0 0.00000 0.00000 0.00000 0.00000    -1424.0 784.0 0.0 0.00000 0.00000 0.00000 0.00000    -1424.0 944.0 0.0 0.00000 0.00000 0.00000 0.00000  1
-896.0 560.0 0.0 0.00000 0.00000 0.00000 0.00000    -896.0 784.0 0.0 0.00000 0.00000 0.00000 0.00000    -1488.0 560.0 0.0 0.00000 0.00000 0.00000 0.00000    -1488.0 784.0 0.0 0.00000 0.00000 0.00000 0.00000  1
-1488.0 560.0 0.0 0.00000 0.00000 0.00000 0.00000    -1488.0 672.0 0.0 0.00000 0.00000 0.00000 0.00000    -1536.0 560.0 0.0 0.00000 0.00000 0.00000 0.00000    -1536.0 672.0 0.0 0.00000 0.00000 0.00000 0.00000  1
-768.0 208.0 0.0 0.00000 0.00000 0.00000 0.00000    -768.0 732.0 0.0 0.00000 0.00000 0.00000 0.00000    -896.0 208.0 0.0 0.00000 0.00000 0.00000 0.00000    -896.0 732.0 0.0 0.00000 0.00000 0.00000 0.00000  1
-896.0 208.0 0.0 0.00000 0.00000 0.00000 0.00000    -896.0 560.0 0.0 0.00000 0.00000 0.00000 0.00000    -1600.0 208.0 0.0 0.00000 0.00000 0.00000 0.00000    -1600.0 560.0 0.0 0.00000 0.00000 0.00000 0.00000  1
-912.0 -144.0 0.0 0.00000 0.00000 0.00000 0.00000    -912.0 208.0 0.0 0.00000 0.00000 0.00000 0.00000    -992.0 -144.0 0.0 0.00000 0.00000 0.00000 0.00000    -992.0 208.0 0.0 0.00000 0.00000 0.00000 0.00000  1
-1180.0 -816.0 0.0 0.00000 0.00000 0.00000 0.00000    -1180.0 -592.0 0.0 0.00000 0.00000 0.00000 0.00000    -1748.0 -816.0 0.0 0.00000 0.00000 0.00000 0.00000    -1748.0 -592.0 0.0 0.00000 0.00000 0.00000 0.00000  1
-1054.0 -592.0 0.0 0.00000 0.00000 0.00000 0.00000    -1054.0 -432.0 0.0 0.00000 0.00000 0.00000 0.00000    -1458.0 -592.0 0.0 0.00000 0.00000 0.00000 0.00000    -1458.0 -432.0 0.0 0.00000 0.00000 0.00000 0.00000  1
-2880.0 -1186.0 0.0 0.00000 0.00000 0.00000 0.00000    -2880.0 -822.0 0.0 0.00000 0.00000 0.00000 0.00000    -3000.0 -1186.0 0.0 0.00000 0.00000 0.00000 0.00000    -3000.0 -822.0 0.0 0.00000 0.00000 0.00000 0.00000  1
-2768.0 -1168.0 0.0 0.00000 0.00000 0.00000 0.00000    -2768.0 -896.0 0.0 0.00000 0.00000 0.00000 0.00000    -2880.0 -1168.0 0.0 0.00000 0.00000 0.00000 0.00000    -2880.0 -896.0 0.0 0.00000 0.00000 0.00000 0.00000  1
-2656.0 -1106.0 0.0 0.00000 0.00000 0.00000 0.00000    -2656.0 -830.0 0.0 0.00000 0.00000 0.00000 0.00000    -2768.0 -1106.0 0.0 0.00000 0.00000 0.00000 0.00000    -2768.0 -830.0 0.0 0.00000 0.00000 0.00000 0.00000  1
-2512.0 -1024.0 0.0 0.00000 0.00000 0.00000 0.00000    -2512.0 -816.0 0.0 0.00000 0.00000 0.00000 0.00000    -2656.0 -1024.0 0.0 0.00000 0.00000 0.00000 0.00000    -2656.0 -816.0 0.0 0.00000 0.00000 0.00000 0.00000  1
-2400.0 -976.0 0.0 0.00000 0.00000 0.00000 0.00000    -2400.0 -816.0 0.0 0.00000 0.00000 0.00000 0.00000    -2512.0 -976.0 0.0 0.00000 0.00000 0.00000 0.00000    -2512.0 -816.0 0.0 0.00000 0.00000 0.00000 0.00000  1
-2256.0 -1056.0 0.0 0.00000 0.00000 0.00000 0.00000    -2256.0 -864.0 0.0 0.00000 0.00000 0.00000 0.00000    -2400.0 -1056.0 0.0 0.00000 0.00000 0.00000 0.00000    -2400.0 -864.0 0.0 0.00000 0.00000 0.00000 0.00000  1
-2144.0 -1198.0 0.0 0.00000 0.00000 0.00000 0.00000    -2144.0 -950.0 0.0 0.00000 0.00000 0.00000 0.00000    -2256.0 -1198.0 0.0 0.00000 0.00000 0.00000 0.00000    -2256.0 -950.0 0.0 0.00000 0.00000 0.00000 0.00000  1
-2000.0 -1408.0 0.0 0.00000 0.00000 0.00000 0.00000    -2000.0 -1072.0 0.0 0.00000 0.00000 0.00000 0.00000    -2144.0 -1408.0 0.0 0.00000 0.00000 0.00000 0.00000    -2144.0 -1072.0 0.0 0.00000 0.00000 0.00000 0.00000  1
-1856.0 -1536.0 0.0 0.00000 0.00000 0.00000 0.00000    -1856.0 -1280.0 0.0 0.00000 0.00000 0.00000 0.00000    -2000.0 -1536.0 0.0 0.00000 0.00000 0.00000 0.00000    -2000.0 -1280.0 0.0 0.00000 0.00000 0.00000 0.00000  1
-1728.0 -1648.0 0.0 0.00000 0.00000 0.00000 0.00000    -1728.0 -1440.0 0.0 0.00000 0.00000 0.00000 0.00000    -1856.0 -1648.0 0.0 0.00000 0.00000 0.00000 0.00000    -1856.0 -1440.0 0.0 0.00000 0.00000 0.00000 0.00000  1
-1584.0 -1728.0 0.0 0.00000 0.00000 0.00000 0.00000    -1584.0 -1520.0 0.0 0.00000 0.00000 0.00000 0.00000    -1728.0 -1728.0 0.0 0.00000 0.00000 0.00000 0.00000    -1728.0 -1520.0 0.0 0.00000 0.00000 0.00000 0.00000  1
-1216.0 -2052.0 0.0 0.00000 0.00000 0.00000 0.00000    -1216.0 -1696.0 0.0 0.00000 0.00000 0.00000 0.00000    -1360.0 -2052.0 0.0 0.00000 0.00000 0.00000 0.00000    -1360.0 -1696.0 0.0 0.00000 0.00000 0.00000 0.00000  1
-1360.0 -2110.0 0.0 0.00000 0.00000 0.00000 0.00000    -1360.0 -1950.0 0.0 0.00000 0.00000 0.00000 0.00000    -1440.0 -2110.0 0.0 0.00000 0.00000 0.00000 0.00000    -1440.0 -1950.0 0.0 0.00000 0.00000 0.00000 0.00000  1
-1440.0 -2180.0 0.0 0.00000 0.00000 0.00000 0.00000    -1440.0 -2036.0 0.0 0.00000 0.00000 0.00000 0.00000    -1484.0 -2180.0 0.0 0.00000 0.00000 0.00000 0.00000    -1484.0 -2036.0 0.0 0.00000 0.00000 0.00000 0.00000  1
-1484.0 -2352.0 0.0 0.00000 0.00000 0.00000 0.00000    -1484.0 -2096.0 0.0 0.00000 0.00000 0.00000 0.00000    -1572.0 -2352.0 0.0 0.00000 0.00000 0.00000 0.00000    -1572.0 -2096.0 0.0 0.00000 0.00000 0.00000 0.00000  1
-1104.0 -2208.0 0.0 0.00000 0.00000 0.00000 0.00000    -1104.0 -1864.0 0.0 0.00000 0.00000 0.00000 0.00000    -1216.0 -2208.0 0.0 0.00000 0.00000 0.00000 0.00000    -1216.0 -1864.0 0.0 0.00000 0.00000 0.00000 0.00000  1
-1120.0 -2304.0 0.0 0.00000 0.00000 0.00000 0.00000    -1120.0 -2208.0 0.0 0.00000 0.00000 0.00000 0.00000    -1232.0 -2304.0 0.0 0.00000 0.00000 0.00000 0.00000    -1232.0 -2208.0 0.0 0.00000 0.00000 0.00000 0.00000  1
-1178.0 -2480.0 0.0 0.00000 0.00000 0.00000 0.00000    -1178.0 -2304.0 0.0 0.00000 0.00000 0.00000 0.00000    -1270.0 -2480.0 0.0 0.00000 0.00000 0.00000 0.00000    -1270.0 -2304.0 0.0 0.00000 0.00000 0.00000 0.00000  1
-1188.0 -2560.0 0.0 0.00000 0.00000 0.00000 0.00000    -1188.0 -2480.0 0.0 0.00000 0.00000 0.00000 0.00000    -1260.0 -2560.0 0.0 0.00000 0.00000 0.00000 0.00000    -1260.0 -2480.0 0.0 0.00000 0.00000 0.00000 0.00000  1
-1146.0 -2640.0 0.0 0.00000 0.00000 0.00000 0.00000    -1146.0 -2560.0 0.0 0.00000 0.00000 0.00000 0.00000    -1262.0 -2640.0 0.0 0.00000 0.00000 0.00000 0.00000    -1262.0 -2560.0 0.0 0.00000 0.00000 0.00000 0.00000  1
-1080.0 -2752.0 0.0 0.00000 0.00000 0.00000 0.00000    -1080.0 -2640.0 0.0 0.00000 0.00000 0.00000 0.00000    -1216.0 -2752.0 0.0 0.00000 0.00000 0.00000 0.00000    -1216.0 -2640.0 0.0 0.00000 0.00000 0.00000 0.00000  1
-928.0 -2896.0 0.0 0.00000 0.00000 0.00000 0.00000    -928.0 -2752.0 0.0 0.00000 0.00000 0.00000 0.00000    -1200.0 -2896.0 0.0 0.00000 0.00000 0.00000 0.00000    -1200.0 -2752.0 0.0 0.00000 0.00000 0.00000 0.00000  1
-1520.0 -3000.0 0.0 0.00000 0.00000 0.00000 0.00000    -1520.0 -2704.0 0.0 0.00000 0.00000 0.00000 0.00000    -2016.0 -3000.0 0.0 0.00000 0.00000 0.00000 0.00000    -2016.0 -2704.0 0.0 0.00000 0.00000 0.00000 0.00000  1
-1376.0 -3000.0 0.0 0.00000 0.00000 0.00000 0.00000    -1376.0 -2894.0 0.0 0.00000 0.00000 0.00000 0.00000    -1520.0 -3000.0 0.0 0.00000 0.00000 0.00000 0.00000    -1520.0 -2894.0 0.0 0.00000 0.00000 0.00000 0.00000  1
-2016.0 -3000.0 0.0 0.00000 0.00000 0.00000 0.00000    -2016.0 -2772.0 0.0 0.00000 0.00000 0.00000 0.00000    -2256.0 -3000.0 0.0 0.00000 0.00000 0.00000 0.00000    -2256.0 -2772.0 0.0 0.00000 0.00000 0.00000 0.00000  1
-2256.0 -3000.0 0.0 0.00000 0.00000 0.00000 0.00000    -2256.0 -2704.0 0.0 0.00000 0.00000 0.00000 0.00000    -2448.0 -3000.0 0.0 0.00000 0.00000 0.00000 0.00000    -2448.0 -2704.0 0.0 0.00000 0.00000 0.00000 0.00000  1
-2448.0 -3000.0 0.0 0.00000 0.00000 0.00000 0.00000    -2448.0 -2704.0 0.0 0.00000 0.00000 0.00000 0.00000    -3000.0 -3000.0 0.0 0.00000 0.00000 0.00000 0.00000    -3000.0 -2704.0 0.0 0.00000 0.00000 0.00000 0.00000  1
-2516.0 -2704.0 0.0 0.00000 0.00000 0.00000 0.00000    -2516.0 -2576.0 0.0 0.00000 0.00000 0.00000 0.00000    -3000.0 -2704.0 0.0 0.00000 0.00000 0.00000 0.00000    -3000.0 -2576.0 0.0 0.00000 0.00000 0.00000 0.00000  1
-2600.0 -2576.0 0.0 0.00000 0.00000 0.00000 0.00000    -2600.0 -2448.0 0.0 0.00000 0.00000 0.00000 0.00000    -3000.0 -2576.0 0.0 0.00000 0.00000 0.00000 0.00000    -3000.0 -2448.0 0.0 0.00000 0.00000 0.00000 0.00000  1
-2628.0 -2448.0 0.0 0.00000 0.00000 0.00000 0.00000    -2628.0 -2144.0 0.0 0.00000 0.00000 0.00000 0.00000    -3000.0 -2448.0 0.0 0.00000 0.00000 0.00000 0.00000    -3000.0 -2144.0 0.0 0.00000 0.00000 0.00000 0.00000  1
-2670.0 -2144.0 0.0 0.00000 0.00000 0.00000 0.00000    -2670.0 -2032.0 0.0 0.00000 0.00000 0.00000 0.00000    -3000.0 -2144.0 0.0 0.00000 0.00000 0.00000 0.00000    -3000.0 -2032.0 0.0 0.00000 0.00000 0.00000 0.00000  1
-2802.0 -2032.0 0.0 0.00000 0.00000 0.00000 0.00000    -2802.0 -1904.0 0.0 0.00000 0.00000 0.00000 0.00000    -3000.0 -2032.0 0.0 0.00000 0.00000 0.00000 0.00000    -3000.0 -1904.0 0.0 0.00000 0.00000 0.00000 0.00000  1
-2920.0 -1904.0 0.0 0.00000 0.00000 0.00000 0.00000    -2920.0 -1376.0 0.0 0.00000 0.00000 0.00000 0.00000    -3000.0 -1904.0 0.0 0.00000 0.00000 0.00000 0.00000    -3000.0 -1376.0 0.0 0.00000 0.00000 0.00000 0.00000  1
-2936.0 -1376.0 0.0 0.00000 0.00000 0.00000 0.00000    -2936.0 -1186.0 0.0 0.00000 0.00000 0.00000 0.00000    -3000.0 -1376.0 0.0 0.00000 0.00000 0.00000 0.00000    -3000.0 -1186.0 0.0 0.00000 0.00000 0.00000 0.00000  1
-720.0 208.0 0.0 0.00000 0.00000 0.00000 0.00000    -720.0 672.0 0.0 0.00000 0.00000 0.00000 0.00000    -768.0 208.0 0.0 0.00000 0.00000 0.00000 0.00000    -768.0 672.0 0.0 0.00000 0.00000 0.00000 0.00000  1
-656.0 256.0 0.0 0.00000 0.00000 0.00000 0.00000    -656.0 672.0 0.0 0.00000 0.00000 0.00000 0.00000    -720.0 256.0 0.0 0.00000 0.00000 0.00000 0.00000    -720.0 672.0 0.0 0.00000 0.00000 0.00000 0.00000  1
-496.0 276.0 0.0 0.00000 0.00000 0.00000 0.00000    -496.0 576.0 0.0 0.00000 0.00000 0.00000 0.00000    -656.0 276.0 0.0 0.00000 0.00000 0.00000 0.00000    -656.0 576.0 0.0 0.00000 0.00000 0.00000 0.00000  1
-384.0 298.0 0.0 0.00000 0.00000 0.00000 0.00000    -384.0 566.0 0.0 0.00000 0.00000 0.00000 0.00000    -496.0 298.0 0.0 0.00000 0.00000 0.00000 0.00000    -496.0 566.0 0.0 0.00000 0.00000 0.00000 0.00000  1
-224.0 254.0 0.0 0.00000 0.00000 0.00000 0.00000    -224.0 530.0 0.0 0.00000 0.00000 0.00000 0.00000    -384.0 254.0 0.0 0.00000 0.00000 0.00000 0.00000    -384.0 530.0 0.0 0.00000 0.00000 0.00000 0.00000  1
-64.0 212.0 0.0 0.00000 0.00000 0.00000 0.00000    -64.0 528.0 0.0 0.00000 0.00000 0.00000 0.00000    -224.0 212.0 0.0 0.00000 0.00000 0.00000 0.00000    -224.0 528.0 0.0 0.00000 0.00000 0.00000 0.00000  1
64.0 140.0 0.0 0.00000 0.00000 0.00000 0.00000    64.0 544.0 0.0 0.00000 0.00000 0.00000 0.00000    -64.0 140.0 0.0 0.00000 0.00000 0.00000 0.00000    -64.0 544.0 0.0 0.00000 0.00000 0.00000 0.00000  1
304.0 140.0 0.0 0.00000 0.00000 0.00000 0.00000    304.0 544.0 0.0 0.00000 0.00000 0.00000 0.00000    64.0 140.0 0.0 0.00000 0.00000 0.00000 0.00000    64.0 544.0 0.0 0.00000 0.00000 0.00000 0.00000  1
304.0 544.0 0.0 0.00000 0.00000 0.00000 0.00000    304.0 648.0 0.0 0.00000 0.00000 0.00000 0.00000    120.0 544.0 0.0 0.00000 0.00000 0.00000 0.00000    120.0 648.0 0.0 0.00000 0.00000 0.00000 0.00000  1
384.0 164.0 0.0 0.00000 0.00000 0.00000 0.00000    384.0 608.0 0.0 0.00000 0.00000 0.00000 0.00000    304.0 164.0 0.0 0.00000 0.00000 0.00000 0.00000    304.0 608.0 0.0 0.00000 0.00000 0.00000 0.00000  1
464.0 222.0 0.0 0.00000 0.00000 0.00000 0.00000    464.0 630.0 0.0 0.00000 0.00000 0.00000 0.00000    384.0 222.0 0.0 0.00000 0.00000 0.00000 0.00000    384.0 630.0 0.0 0.00000 0.00000 0.00000 0.00000  1
544.0 304.0 0.0 0.00000 0.00000 0.00000 0.00000    544.0 656.0 0.0 0.00000 0.00000 0.00000 0.00000    464.0 304.0 0.0 0.00000 0.00000 0.00000 0.00000    464.0 656.0 0.0 0.00000 0.00000 0.00000 0.00000  1
800.0 362.0 0.0 0.00000 0.00000 0.00000 0.00000    800.0 646.0 0.0 0.00000 0.00000 0.00000 0.00000    544.0 362.0 0.0 0.00000 0.00000 0.00000 0.00000    544.0 646.0 0.0 0.00000 0.00000 0.00000 0.00000  1
944.0 432.0 0.0 0.00000 0.00000 0.00000 0.00000    944.0 704.0 0.0 0.00000 0.00000 0.00000 0.00000    800.0 432.0 0.0 0.00000 0.00000 0.00000 0.00000    800.0 704.0 0.0 0.00000 0.00000 0.00000 0.00000  1
976.0 480.0 0.0 0.00000 0.00000 0.00000 0.00000    976.0 720.0 0.0 0.00000 0.00000 0.00000 0.00000    944.0 480.0 0.0 0.00000 0.00000 0.00000 0.00000    944.0 720.0 0.0 0.00000 0.00000 0.00000 0.00000  1
1040.0 528.0 0.0 0.00000 0.00000 0.00000 0.00000    1040.0 704.0 0.0 0.00000 0.00000 0.00000 0.00000    976.0 528.0 0.0 0.00000 0.00000 0.00000 0.00000    976.0 704.0 0.0 0.00000 0.00000 0.00000 0.00000  1
1280.0 560.0 0.0 0.00000 0.00000 0.00000 0.00000    1280.0 672.0 0.0 0.00000 0.00000 0.00000 0.00000    1040.0 560.0 0.0 0.00000 0.00000 0.00000 0.00000    1040.0 672.0 0.0 0.00000 0.00000 0.00000 0.00000  1
1472.0 480.0 0.0 0.00000 0.00000 0.00000 0.00000    1472.0 640.0 0.0 0.00000 0.00000 0.00000 0.00000    1280.0 480.0 0.0 0.00000 0.00000 0.00000 0.00000    1280.0 640.0 0.0 0.00000 0.00000 0.00000 0.00000  1
1616.0 432.0 0.0 0.00000 0.00000 0.00000 0.00000    1616.0 640.0 0.0 0.00000 0.00000 0.00000 0.00000    1472.0 432.0 0.0 0.00000 0.00000 0.00000 0.00000    1472.0 640.0 0.0 0.00000 0.00000 0.00000 0.00000  1
1824.0 416.0 0.0 0.00000 0.00000 0.00000 0.00000    1824.0 608.0 0.0 0.00000 0.00000 0.00000 0.00000    1616.0 416.0 0.0 0.00000 0.00000 0.00000 0.00000    1616.0 608.0 0.0 0.00000 0.00000 0.00000 0.00000  1
2160.0 400.0 0.0 0.00000 0.00000 0.00000 0.00000    2160.0 576.0 0.0 0.00000 0.00000 0.00000 0.00000    1824.0 400.0 0.0 0.00000 0.00000 0.00000 0.00000    1824.0 576.0 0.0 0.00000 0.00000 0.00000 0.00000  1
2432.0 400.0 0.0 0.00000 0.00000 0.00000 0.00000    2432.0 512.0 0.0 0.00000 0.00000 0.00000 0.00000    2160.0 400.0 0.0 0.00000 0.00000 0.00000 0.00000    2160.0 512.0 0.0 0.00000 0.00000 0.00000 0.00000  1
2560.0 368.0 0.0 0.00000 0.00000 0.00000 0.00000    2560.0 544.0 0.0 0.00000 0.00000 0.00000 0.00000    2432.0 368.0 0.0 0.00000 0.00000 0.00000 0.00000    2432.0 544.0 0.0 0.00000 0.00000 0.00000 0.00000  1
2720.0 336.0 0.0 0.00000 0.00000 0.00000 0.00000    2720.0 576.0 0.0 0.00000 0.00000 0.00000 0.00000    2560.0 336.0 0.0 0.00000 0.00000 0.00000 0.00000    2560.0 576.0 0.0 0.00000 0.00000 0.00000 0.00000  1
2816.0 196.0 0.0 0.00000 0.00000 0.00000 0.00000    2816.0 560.0 0.0 0.00000 0.00000 0.00000 0.00000    2720.0 196.0 0.0 0.00000 0.00000 0.00000 0.00000    2720.0 560.0 0.0 0.00000 0.00000 0.00000 0.00000  1
3000.0 160.0 0.0 0.00000 0.00000 0.00000 0.00000    3000.0 576.0 0.0 0.00000 0.00000 0.00000 0.00000    2816.0 160.0 0.0 0.00000 0.00000 0.00000 0.00000    2816.0 576.0 0.0 0.00000 0.00000 0.00000 0.00000  1
3000.0 -80.0 0.0 0.00000 0.00000 0.00000 0.00000    3000.0 160.0 0.0 0.00000 0.00000 0.00000 0.00000    2860.0 -80.0 0.0 0.00000 0.00000 0.00000 0.00000    2860.0 160.0 0.0 0.00000 0.00000 0.00000 0.00000  1
-544.0 -3000.0 0.0 0.00000 0.00000 0.00000 0.00000    -544.0 -2896.0 0.0 0.00000 0.00000 0.00000 0.00000    -1376.0 -3000.0 0.0 0.00000 0.00000 0.00000 0.00000    -1376.0 -2896.0 0.0 0.00000 0.00000 0.00000 0.00000  1
-544.0 -2896.0 0.0 0.00000 0.00000 0.00000 0.00000    -544.0 -2800.0 0.0 0.00000 0.00000 0.00000 0.00000    -928.0 -2896.0 0.0 0.00000 0.00000 0.00000 0.00000    -928.0 -2800.0 0.0 0.00000 0.00000 0.00000 0.00000  1
-320.0 -3000.0 0.0 0.00000 0.00000 0.00000 0.00000    -320.0 -2824.0 0.0 0.00000 0.00000 0.00000 0.00000    -544.0 -3000.0 0.0 0.00000 0.00000 0.00000 0.00000    -544.0 -2824.0 0.0 0.00000 0.00000 0.00000 0.00000  1
-192.0 -3000.0 0.0 0.00000 0.00000 0.00000 0.00000    -192.0 -2876.0 0.0 0.00000 0.00000 0.00000 0.00000    -320.0 -3000.0 0.0 0.00000 0.00000 0.00000 0.00000    -320.0 -2876.0 0.0 0.00000 0.00000 0.00000 0.00000  1
160.0 -3000.0 0.0 0.00000 0.00000 0.00000 0.00000    160.0 -2920.0 0.0 0.00000 0.00000 0.00000 0.00000    -192.0 -3000.0 0.0 0.00000 0.00000 0.00000 0.00000    -192.0 -2920.0 0.0 0.00000 0.00000 0.00000 0.00000  1
160.0 -2920.0 0.0 0.00000 0.00000 0.00000 0.00000    160.0 -2872.0 0.0 0.00000 0.00000 0.00000 0.00000    -128.0 -2920.0 0.0 0.00000 0.00000 0.00000 0.00000    -128.0 -2872.0 0.0 0.00000 0.00000 0.00000 0.00000  1
160.0 -2872.0 0.0 0.00000 0.00000 0.00000 0.00000    160.0 -2816.0 0.0 0.00000 0.00000 0.00000 0.00000    -60.0 -2872.0 0.0 0.00000 0.00000 0.00000 0.00000    -60.0 -2816.0 0.0 0.00000 0.00000 0.00000 0.00000  1
160.0 -2816.0 0.0 0.00000 0.00000 0.00000 0.00000    160.0 -2672.0 0.0 0.00000 0.00000 0.00000 0.00000    -4.0 -2816.0 0.0 0.00000 0.00000 0.00000 0.00000    -4.0 -2672.0 0.0 0.00000 0.00000 0.00000 0.00000  1
160.0 -2672.0 0.0 0.00000 0.00000 0.00000 0.00000    160.0 -2256.0 0.0 0.00000 0.00000 0.00000 0.00000    40.0 -2672.0 0.0 0.00000 0.00000 0.00000 0.00000    40.0 -2256.0 0.0 0.00000 0.00000 0.00000 0.00000  1
40.0 -2560.0 0.0 0.00000 0.00000 0.00000 0.00000    40.0 -2256.0 0.0 0.00000 0.00000 0.00000 0.00000    16.0 -2560.0 0.0 0.00000 0.00000 0.00000 0.00000    16.0 -2256.0 0.0 0.00000 0.00000 0.00000 0.00000  1
16.0 -2440.0 0.0 0.00000 0.00000 0.00000 0.00000    16.0 -2256.0 0.0 0.00000 0.00000 0.00000 0.00000    -32.0 -2440.0 0.0 0.00000 0.00000 0.00000 0.00000    -32.0 -2256.0 0.0 0.00000 0.00000 0.00000 0.00000  1
16.0 -2488.0 0.0 0.00000 0.00000 0.00000 0.00000    16.0 -2440.0 0.0 0.00000 0.00000 0.00000 0.00000    -32.0 -2488.0 0.0 0.00000 0.00000 0.00000 0.00000    -32.0 -2440.0 0.0 0.00000 0.00000 0.00000 0.00000  1
-32.0 -2440.0 0.0 0.00000 0.00000 0.00000 0.00000    -32.0 -2256.0 0.0 0.00000 0.00000 0.00000 0.00000    -96.0 -2440.0 0.0 0.00000 0.00000 0.00000 0.00000    -96.0 -2256.0 0.0 0.00000 0.00000 0.00000 0.00000  1
-96.0 -2384.0 0.0 0.00000 0.00000 0.00000 0.00000    -96.0 -2256.0 0.0 0.00000 0.00000 0.00000 0.00000    -168.0 -2384.0 0.0 0.00000 0.00000 0.00000 0.00000    -168.0 -2256.0 0.0 0.00000 0.00000 0.00000 0.00000  1
160.0 -2256.0 0.0 0.00000 0.00000 0.00000 0.00000    160.0 -2080.0 0.0 0.00000 0.00000 0.00000 0.00000    -224.0 -2256.0 0.0 0.00000 0.00000 0.00000 0.00000    -224.0 -2080.0 0.0 0.00000 0.00000 0.00000 0.00000  1
160.0 -2080.0 0.0 0.00000 0.00000 0.00000 0.00000    160.0 -1968.0 0.0 0.00000 0.00000 0.00000 0.00000    -248.0 -2080.0 0.0 0.00000 0.00000 0.00000 0.00000    -248.0 -1968.0 0.0 0.00000 0.00000 0.00000 0.00000  1
-128.0 -1968.0 0.0 0.00000 0.00000 0.00000 0.00000    -128.0 -1824.0 0.0 0.00000 0.00000 0.00000 0.00000    -280.0 -1968.0 0.0 0.00000 0.00000 0.00000 0.00000    -280.0 -1824.0 0.0 0.00000 0.00000 0.00000 0.00000  1
-248.0 -2016.0 0.0 0.00000 0.00000 0.00000 0.00000    -248.0 -1968.0 0.0 0.00000 0.00000 0.00000 0.00000    -264.0 -2016.0 0.0 0.00000 0.00000 0.00000 0.00000    -264.0 -1968.0 0.0 0.00000 0.00000 0.00000 0.00000  1
-128.0 -1824.0 0.0 0.00000 0.00000 0.00000 0.00000    -128.0 -1640.0 0.0 0.00000 0.00000 0.00000 0.00000    -264.0 -1824.0 0.0 0.00000 0.00000 0.00000 0.00000    -264.0 -1640.0 0.0 0.00000 0.00000 0.00000 0.00000  1
124.0 -1768.0 0.0 0.00000 0.00000 0.00000 0.00000    124.0 -1648.0 0.0 0.00000 0.00000 0.00000 0.00000    -128.0 -1768.0 0.0 0.00000 0.00000 0.00000 0.00000    -128.0 -1648.0 0.0 0.00000 0.00000 0.00000 0.00000  1
140.0 -1792.0 0.0 0.00000 0.00000 0.00000 0.00000    140.0 -1768.0 0.0 0.00000 0.00000 0.00000 0.00000    -128.0 -1792.0 0.0 0.00000 0.00000 0.00000 0.00000    -128.0 -1768.0 0.0 0.00000 0.00000 0.00000 0.00000  1
148.0 -1968.0 0.0 0.00000 0.00000 0.00000 0.00000    148.0 -1792.0 0.0 0.00000 0.00000 0.00000 0.00000    -128.0 -1968.0 0.0 0.00000 0.00000 0.00000 0.00000    -128.0 -1792.0 0.0 0.00000 0.00000 0.00000 0.00000  1
592.0 -2128.0 0.0 0.00000 0.00000 0.00000 0.00000    592.0 -1976.0 0.0 0.00000 0.00000 0.00000 0.00000    160.0 -2128.0 0.0 0.00000 0.00000 0.00000 0.00000    160.0 -1976.0 0.0 0.00000 0.00000 0.00000 0.00000  1
592.0 -1976.0 0.0 0.00000 0.00000 0.00000 0.00000    592.0 -1896.0 0.0 0.00000 0.00000 0.00000 0.00000    480.0 -1976.0 0.0 0.00000 0.00000 0.00000 0.00000    480.0 -1896.0 0.0 0.00000 0.00000 0.00000 0.00000  1
480.0 -1976.0 0.0 0.00000 0.00000 0.00000 0.00000    480.0 -1896.0 0.0 0.00000 0.00000 0.00000 0.00000    352.0 -1976.0 0.0 0.00000 0.00000 0.00000 0.00000    352.0 -1896.0 0.0 0.00000 0.00000 0.00000 0.00000  1
352.0 -1976.0 0.0 0.00000 0.00000 0.00000 0.00000    352.0 -1880.0 0.0 0.00000 0.00000 0.00000 0.00000    232.0 -1976.0 0.0 0.00000 0.00000 0.00000 0.00000    232.0 -1880.0 0.0 0.00000 0.00000 0.00000 0.00000  1
232.0 -1976.0 0.0 0.00000 0.00000 0.00000 0.00000    232.0 -1872.0 0.0 0.00000 0.00000 0.00000 0.00000    160.0 -1976.0 0.0 0.00000 0.00000 0.00000 0.00000    160.0 -1872.0 0.0 0.00000 0.00000 0.00000 0.00000  1
592.0 -2784.0 0.0 0.00000 0.00000 0.00000 0.00000    592.0 -2128.0 0.0 0.00000 0.00000 0.00000 0.00000    160.0 -2784.0 0.0 0.00000 0.00000 0.00000 0.00000    160.0 -2128.0 0.0 0.00000 0.00000 0.00000 0.00000  1
592.0 -3000.0 0.0 0.00000 0.00000 0.00000 0.00000    592.0 -2784.0 0.0 0.00000 0.00000 0.00000 0.00000    160.0 -3000.0 0.0 0.00000 0.00000 0.00000 0.00000    160.0 -2784.0 0.0 0.00000 0.00000 0.00000 0.00000  1
544.0 -1896.0 0.0 0.00000 0.00000 0.00000 0.00000    544.0 -1864.0 0.0 0.00000 0.00000 0.00000 0.00000    352.0 -1896.0 0.0 0.00000 0.00000 0.00000 0.00000    352.0 -1864.0 0.0 0.00000 0.00000 0.00000 0.00000  1
976.0 -2112.0 0.0 0.00000 0.00000 0.00000 0.00000    976.0 -1896.0 0.0 0.00000 0.00000 0.00000 0.00000    592.0 -2112.0 0.0 0.00000 0.00000 0.00000 0.00000    592.0 -1896.0 0.0 0.00000 0.00000 0.00000 0.00000  1
904.0 -1896.0 0.0 0.00000 0.00000 0.00000 0.00000    904.0 -1864.0 0.0 0.00000 0.00000 0.00000 0.00000    736.0 -1896.0 0.0 0.00000 0.00000 0.00000 0.00000    736.0 -1864.0 0.0 0.00000 0.00000 0.00000 0.00000  1
736.0 -1896.0 0.0 0.00000 0.00000 0.00000 0.00000    736.0 -1728.0 0.0 0.00000 0.00000 0.00000 0.00000    704.0 -1896.0 0.0 0.00000 0.00000 0.00000 0.00000    704.0 -1728.0 0.0 0.00000 0.00000 0.00000 0.00000  1
752.0 -1864.0 0.0 0.00000 0.00000 0.00000 0.00000    752.0 -1728.0 0.0 0.00000 0.00000 0.00000 0.00000    736.0 -1864.0 0.0 0.00000 0.00000 0.00000 0.00000    736.0 -1728.0 0.0 0.00000 0.00000 0.00000 0.00000  1
752.0 -1728.0 0.0 0.00000 0.00000 0.00000 0.00000    752.0 -1480.0 0.0 0.00000 0.00000 0.00000 0.00000    688.0 -1728.0 0.0 0.00000 0.00000 0.00000 0.00000    688.0 -1480.0 0.0 0.00000 0.00000 0.00000 0.00000  1
976.0 -2192.0 0.0 0.00000 0.00000 0.00000 0.00000    976.0 -2112.0 0.0 0.00000 0.00000 0.00000 0.00000    592.0 -2192.0 0.0 0.00000 0.00000 0.00000 0.00000    592.0 -2112.0 0.0 0.00000 0.00000 0.00000 0.00000  1
1008.0 -2328.0 0.0 0.00000 0.00000 0.00000 0.00000    1008.0 -2192.0 0.0 0.00000 0.00000 0.00000 0.00000    592.0 -2328.0 0.0 0.00000 0.00000 0.00000 0.00000    592.0 -2192.0 0.0 0.00000 0.00000 0.00000 0.00000  1
1008.0 -3000.0 0.0 0.00000 0.00000 0.00000 0.00000    1008.0 -2328.0 0.0 0.00000 0.00000 0.00000 0.00000    592.0 -3000.0 0.0 0.00000 0.00000 0.00000 0.00000    592.0 -2328.0 0.0 0.00000 0.00000 0.00000 0.00000  1
1072.0 -3000.0 0.0 0.00000 0.00000 0.00000 0.00000    1072.0 -2368.0 0.0 0.00000 0.00000 0.00000 0.00000    1008.0 -3000.0 0.0 0.00000 0.00000 0.00000 0.00000    1008.0 -2368.0 0.0 0.00000 0.00000 0.00000 0.00000  1
1064.0 -2368.0 0.0 0.00000 0.00000 0.00000 0.00000    1064.0 -2320.0 0.0 0.00000 0.00000 0.00000 0.00000    1008.0 -2368.0 0.0 0.00000 0.00000 0.00000 0.00000    1008.0 -2320.0 0.0 0.00000 0.00000 0.00000 0.00000  1
1288.0 -2672.0 0.0 0.00000 0.00000 0.00000 0.00000    1288.0 -2412.0 0.0 0.00000 0.00000 0.00000 0.00000    1072.0 -2672.0 0.0 0.00000 0.00000 0.00000 0.00000    1072.0 -2412.0 0.0 0.00000 0.00000 0.00000 0.00000  1
1288.0 -2768.0 0.0 0.00000 0.00000 0.00000 0.00000    1288.0 -2672.0 0.0 0.00000 0.00000 0.00000 0.00000    1072.0 -2768.0 0.0 0.00000 0.00000 0.00000 0.00000    1072.0 -2672.0 0.0 0.00000 0.00000 0.00000 0.00000  1
1288.0 -3000.0 0.0 0.00000 0.00000 0.00000 0.00000    1288.0 -2768.0 0.0 0.00000 0.00000 0.00000 0.00000    1072.0 -3000.0 0.0 0.00000 0.00000 0.00000 0.00000    1072.0 -2768.0 0.0 0.00000 0.00000 0.00000 0.00000  1
1448.0 -3000.0 0.0 0.00000 0.00000 0.00000 0.00000    1448.0 -2760.0 0.0 0.00000 0.00000 0.00000 0.00000    1288.0 -3000.0 0.0 0.00000 0.00000 0.00000 0.00000    1288.0 -2760.0 0.0 0.00000 0.00000 0.00000 0.00000  1
1392.0 -2760.0 0.0 0.00000 0.00000 0.00000 0.00000    1392.0 -2688.0 0.0 0.00000 0.00000 0.00000 0.00000    1288.0 -2760.0 0.0 0.00000 0.00000 0.00000 0.00000    1288.0 -2688.0 0.0 0.00000 0.00000 0.00000 0.00000  1
1720.0 -3000.0 0.0 0.00000 0.00000 0.00000 0.00000    1720.0 -2754.0 0.0 0.00000 0.00000 0.00000 0.00000    1448.0 -3000.0 0.0 0.00000 0.00000 0.00000 0.00000    1448.0 -2754.0 0.0 0.00000 0.00000 0.00000 0.00000  1
2064.0 -3000.0 0.0 0.00000 0.00000 0.00000 0.00000    2064.0 -2740.0 0.0 0.00000 0.00000 0.00000 0.00000    1720.0 -3000.0 0.0 0.00000 0.00000 0.00000 0.00000    1720.0 -2740.0 0.0 0.00000 0.00000 0.00000 0.00000  1
2144.0 -3000.0 0.0 0.00000 0.00000 0.00000 0.00000    2144.0 -2742.0 0.0 0.00000 0.00000 0.00000 0.00000    2064.0 -3000.0 0.0 0.00000 0.00000 0.00000 0.00000    2064.0 -2742.0 0.0 0.00000 0.00000 0.00000 0.00000  1
2208.0 -3000.0 0.0 0.00000 0.00000 0.00000 0.00000    2208.0 -2700.0 0.0 0.00000 0.00000 0.00000 0.00000    2144.0 -3000.0 0.0 0.00000 0.00000 0.00000 0.00000    2144.0 -2700.0 0.0 0.00000 0.00000 0.00000 0.00000  1
2272.0 -3000.0 0.0 0.00000 0.00000 0.00000 0.00000    2272.0 -2684.0 0.0 0.00000 0.00000 0.00000 0.00000    2208.0 -3000.0 0.0 0.00000 0.00000 0.00000 0.00000    2208.0 -2684.0 0.0 0.00000 0.00000 0.00000 0.00000  1
2376.0 -3000.0 0.0 0.00000 0.00000 0.00000 0.00000    2376.0 -2312.0 0.0 0.00000 0.00000 0.00000 0.00000    2272.0 -3000.0 0.0 0.00000 0.00000 0.00000 0.00000    2272.0 -2312.0 0.0 0.00000 0.00000 0.00000 0.00000  1
2472.0 -2480.0 0.0 0.00000 0.00000 0.00000 0.00000    2472.0 -2240.0 0.0 0.00000 0.00000 0.00000 0.00000    2376.0 -2480.0 0.0 0.00000 0.00000 0.00000 0.00000    2376.0 -2240.0 0.0 0.00000 0.00000 0.00000 0.00000  1
2776.0 -2376.0 0.0 0.00000 0.00000 0.00000 0.00000    2776.0 -2240.0 0.0 0.00000 0.00000 0.00000 0.00000    2472.0 -2376.0 0.0 0.00000 0.00000 0.00000 0.00000    2472.0 -2240.0 0.0 0.00000 0.00000 0.00000 0.00000  1
2856.0 -2336.0 0.0 0.00000 0.00000 0.00000 0.00000    2856.0 -2192.0 0.0 0.00000 0.00000 0.00000 0.00000    2776.0 -2336.0 0.0 0.00000 0.00000 0.00000 0.00000    2776.0 -2192.0 0.0 0.00000 0.00000 0.00000 0.00000  1
3000.0 -2560.0 0.0 0.00000 0.00000 0.00000 0.00000    3000.0 -2336.0 0.0 0.00000 0.00000 0.00000 0.00000    2808.0 -2560.0 0.0 0.00000 0.00000 0.00000 0.00000    2808.0 -2336.0 0.0 0.00000 0.00000 0.00000 0.00000  1
3000.0 -2336.0 0.0 0.00000 0.00000 0.00000 0.00000    3000.0 -2136.0 0.0 0.00000 0.00000 0.00000 0.00000    2856.0 -2336.0 0.0 0.00000 0.00000 0.00000 0.00000    2856.0 -2136.0 0.0 0.00000 0.00000 0.00000 0.00000  1
3000.0 -2136.0 0.0 0.00000 0.00000 0.00000 0.00000    3000.0 -1840.0 0.0 0.00000 0.00000 0.00000 0.00000    2888.0 -2136.0 0.0 0.00000 0.00000 0.00000 0.00000    2888.0 -1840.0 0.0 0.00000 0.00000 0.00000 0.00000  1
2888.0 -1880.0 0.0 0.00000 0.00000 0.00000 0.00000    2888.0 -1840.0 0.0 0.00000 0.00000 0.00000 0.00000    2872.0 -1880.0 0.0 0.00000 0.00000 0.00000 0.00000    2872.0 -1840.0 0.0 0.00000 0.00000 0.00000 0.00000  1
3000.0 -1840.0 0.0 0.00000 0.00000 0.00000 0.00000    3000.0 -1720.0 0.0 0.00000 0.00000 0.00000 0.00000    2864.0 -1840.0 0.0 0.00000 0.00000 0.00000 0.00000    2864.0 -1720.0 0.0 0.00000 0.00000 0.00000 0.00000  1
3000.0 -1720.0 0.0 0.00000 0.00000 0.00000 0.00000    3000.0 -1664.0 0.0 0.00000 0.00000 0.00000 0.00000    2888.0 -1720.0 0.0 0.00000 0.00000 0.00000 0.00000    2888.0 -1664.0 0.0 0.00000 0.00000 0.00000 0.00000  1
3000.0 -1664.0 0.0 0.00000 0.00000 0.00000 0.00000    3000.0 -1592.0 0.0 0.00000 0.00000 0.00000 0.00000    2896.0 -1664.0 0.0 0.00000 0.00000 0.00000 0.00000    2896.0 -1592.0 0.0 0.00000 0.00000 0.00000 0.00000  1
3000.0 -1592.0 0.0 0.00000 0.00000 0.00000 0.00000    3000.0 -1504.0 0.0 0.00000 0.00000 0.00000 0.00000    2920.0 -1592.0 0.0 0.00000 0.00000 0.00000 0.00000    2920.0 -1504.0 0.0 0.00000 0.00000 0.00000 0.00000  1
3000.0 -1504.0 0.0 0.00000 0.00000 0.00000 0.00000    3000.0 -1344.0 0.0 0.00000 0.00000 0.00000 0.00000    2940.0 -1504.0 0.0 0.00000 0.00000 0.00000 0.00000    2940.0 -1344.0 0.0 0.00000 0.00000 0.00000 0.00000  1
3000.0 -1344.0 0.0 0.00000 0.00000 0.00000 0.00000    3000.0 -1096.0 0.0 0.00000 0.00000 0.00000 0.00000    2908.0 -1344.0 0.0 0.00000 0.00000 0.00000 0.00000    2908.0 -1096.0 0.0 0.00000 0.00000 0.00000 0.00000  1
3000.0 -1096.0 0.0 0.00000 0.00000 0.00000 0.00000    3000.0 -800.0 0.0 0.00000 0.00000 0.00000 0.00000    2912.0 -1096.0 0.0 0.00000 0.00000 0.00000 0.00000    2912.0 -800.0 0.0 0.00000 0.00000 0.00000 0.00000  1
3000.0 -800.0 0.0 0.00000 0.00000 0.00000 0.00000    3000.0 -472.0 0.0 0.00000 0.00000 0.00000 0.00000    2918.0 -800.0 0.0 0.00000 0.00000 0.00000 0.00000    2918.0 -472.0 0.0 0.00000 0.00000 0.00000 0.00000  1
3000.0 -472.0 0.0 0.00000 0.00000 0.00000 0.00000    3000.0 -376.0 0.0 0.00000 0.00000 0.00000 0.00000    2872.0 -472.0 0.0 0.00000 0.00000 0.00000 0.00000    2872.0 -376.0 0.0 0.00000 0.00000 0.00000 0.00000  1
3000.0 -376.0 0.0 0.00000 0.00000 0.00000 0.00000    3000.0 -80.0 0.0 0.00000 0.00000 0.00000 0.00000    2912.0 -376.0 0.0 0.00000 0.00000 0.00000 0.00000    2912.0 -80.0 0.0 0.00000 0.00000 0.00000 0.00000  1
2912.0 -376.0 0.0 0.00000 0.00000 0.00000 0.00000    2912.0 -80.0 0.0 0.00000 0.00000 0.00000 0.00000    2864.0 -376.0 0.0 0.00000 0.00000 0.00000 0.00000    2864.0 -80.0 0.0 0.00000 0.00000 0.00000 0.00000  1
2680.0 -2560.0 0.0 0.00000 0.00000 0.00000 0.00000    2680.0 -2456.0 0.0 0.00000 0.00000 0.00000 0.00000    2560.0 -2560.0 0.0 0.00000 0.00000 0.00000 0.00000    2560.0 -2456.0 0.0 0.00000 0.00000 0.00000 0.00000  1
-848.0 -422.0 0.0 0.00000 0.00000 0.00000 0.00000    -848.0 -238.0 0.0 0.00000 0.00000 0.00000 0.00000    -992.0 -422.0 0.0 0.00000 0.00000 0.00000 0.00000    -992.0 -238.0 0.0 0.00000 0.00000 0.00000 0.00000  1
-512.0 -384.0 0.0 0.00000 0.00000 0.00000 0.00000    -512.0 -256.0 0.0 0.00000 0.00000 0.00000 0.00000    -848.0 -384.0 0.0 0.00000 0.00000 0.00000 0.00000    -848.0 -256.0 0.0 0.00000 0.00000 0.00000 0.00000  1
-320.0 -400.0 0.0 0.00000 0.00000 0.00000 0.00000    -320.0 -272.0 0.0 0.00000 0.00000 0.00000 0.00000    -512.0 -400.0 0.0 0.00000 0.00000 0.00000 0.00000    -512.0 -272.0 0.0 0.00000 0.00000 0.00000 0.00000  1
-208.0 -400.0 0.0 0.00000 0.00000 0.00000 0.00000    -208.0 -304.0 0.0 0.00000 0.00000 0.00000 0.00000    -320.0 -400.0 0.0 0.00000 0.00000 0.00000 0.00000    -320.0 -304.0 0.0 0.00000 0.00000 0.00000 0.00000  1
-100.0 -528.0 0.0 0.00000 0.00000 0.00000 0.00000    -100.0 -460.0 0.0 0.00000 0.00000 0.00000 0.00000    -384.0 -528.0 0.0 0.00000 0.00000 0.00000 0.00000    -384.0 -460.0 0.0 0.00000 0.00000 0.00000 0.00000  1
-64.0 -704.0 0.0 0.00000 0.00000 0.00000 0.00000    -64.0 -528.0 0.0 0.00000 0.00000 0.00000 0.00000    -384.0 -704.0 0.0 0.00000 0.00000 0.00000 0.00000    -384.0 -528.0 0.0 0.00000 0.00000 0.00000 0.00000  1
-80.0 -816.0 0.0 0.00000 0.00000 0.00000 0.00000    -80.0 -704.0 0.0 0.00000 0.00000 0.00000 0.00000    -336.0 -816.0 0.0 0.00000 0.00000 0.00000 0.00000    -336.0 -704.0 0.0 0.00000 0.00000 0.00000 0.00000  1
-48.0 -936.0 0.0 0.00000 0.00000 0.00000 0.00000    -48.0 -816.0 0.0 0.00000 0.00000 0.00000 0.00000    -208.0 -936.0 0.0 0.00000 0.00000 0.00000 0.00000    -208.0 -816.0 0.0 0.00000 0.00000 0.00000 0.00000  1
144.0 -936.0 0.0 0.00000 0.00000 0.00000 0.00000    144.0 -874.0 0.0 0.00000 0.00000 0.00000 0.00000    -48.0 -936.0 0.0 0.00000 0.00000 0.00000 0.00000    -48.0 -874.0 0.0 0.00000 0.00000 0.00000 0.00000  1
128.0 -1024.0 0.0 0.00000 0.00000 0.00000 0.00000    128.0 -936.0 0.0 0.00000 0.00000 0.00000 0.00000    32.0 -1024.0 0.0 0.00000 0.00000 0.00000 0.00000    32.0 -936.0 0.0 0.00000 0.00000 0.00000 0.00000  1
96.0 -1104.0 0.0 0.00000 0.00000 0.00000 0.00000    96.0 -1024.0 0.0 0.00000 0.00000 0.00000 0.00000    -16.0 -1104.0 0.0 0.00000 0.00000 0.00000 0.00000    -16.0 -1024.0 0.0 0.00000 0.00000 0.00000 0.00000  1
144.0 -1200.0 0.0 0.00000 0.00000 0.00000 0.00000    144.0 -1104.0 0.0 0.00000 0.00000 0.00000 0.00000    0.0 -1200.0 0.0 0.00000 0.00000 0.00000 0.00000    0.0 -1104.0 0.0 0.00000 0.00000 0.00000 0.00000  1
128.0 -1296.0 0.0 0.00000 0.00000 0.00000 0.00000    128.0 -1200.0 0.0 0.00000 0.00000 0.00000 0.00000    -16.0 -1296.0 0.0 0.00000 0.00000 0.00000 0.00000    -16.0 -1200.0 0.0 0.00000 0.00000 0.00000 0.00000  1
112.0 -1440.0 0.0 0.00000 0.00000 0.00000 0.00000    112.0 -1296.0 0.0 0.00000 0.00000 0.00000 0.00000    -16.0 -1440.0 0.0 0.00000 0.00000 0.00000 0.00000    -16.0 -1296.0 0.0 0.00000 0.00000 0.00000 0.00000  1
96.0 -1552.0 0.0 0.00000 0.00000 0.00000 0.00000    96.0 -1440.0 0.0 0.00000 0.00000 0.00000 0.00000    0.0 -1552.0 0.0 0.00000 0.00000 0.00000 0.00000    0.0 -1440.0 0.0 0.00000 0.00000 0.00000 0.00000  1
96.0 -1648.0 0.0 0.00000 0.00000 0.00000 0.00000    96.0 -1552.0 0.0 0.00000 0.00000 0.00000 0.00000    -128.0 -1648.0 0.0 0.00000 0.00000 0.00000 0.00000    -128.0 -1552.0 0.0 0.00000 0.00000 0.00000 0.00000  1
32.0 -672.0 0.0 0.00000 0.00000 0.00000 0.00000    32.0 -576.0 0.0 0.00000 0.00000 0.00000 0.00000    -64.0 -672.0 0.0 0.00000 0.00000 0.00000 0.00000    -64.0 -576.0 0.0 0.00000 0.00000 0.00000 0.00000  1
96.0 -576.0 0.0 0.00000 0.00000 0.00000 0.00000    96.0 -496.0 0.0 0.00000 0.00000 0.00000 0.00000    -64.0 -576.0 0.0 0.00000 0.00000 0.00000 0.00000    -64.0 -496.0 0.0 0.00000 0.00000 0.00000 0.00000  1
144.0 -496.0 0.0 0.00000 0.00000 0.00000 0.00000    144.0 -392.0 0.0 0.00000 0.00000 0.00000 0.00000    16.0 -496.0 0.0 0.00000 0.00000 0.00000 0.00000    16.0 -392.0 0.0 0.00000 0.00000 0.00000 0.00000  1
240.0 -448.0 0.0 0.00000 0.00000 0.00000 0.00000    240.0 -384.0 0.0 0.00000 0.00000 0.00000 0.00000    144.0 -448.0 0.0 0.00000 0.00000 0.00000 0.00000    144.0 -384.0 0.0 0.00000 0.00000 0.00000 0.00000  1
304.0 -432.0 0.0 0.00000 0.00000 0.00000 0.00000    304.0 -320.0 0.0 0.00000 0.00000 0.00000 0.00000    240.0 -432.0 0.0 0.00000 0.00000 0.00000 0.00000    240.0 -320.0 0.0 0.00000 0.00000 0.00000 0.00000  1
352.0 -384.0 0.0 0.00000 0.00000 0.00000 0.00000    352.0 -288.0 0.0 0.00000 0.00000 0.00000 0.00000    304.0 -384.0 0.0 0.00000 0.00000 0.00000 0.00000    304.0 -288.0 0.0 0.00000 0.00000 0.00000 0.00000  1
400.0 -332.0 0.0 0.00000 0.00000 0.00000 0.00000    400.0 -252.0 0.0 0.00000 0.00000 0.00000 0.00000    352.0 -332.0 0.0 0.00000 0.00000 0.00000 0.00000    352.0 -252.0 0.0 0.00000 0.00000 0.00000 0.00000  1
464.0 -298.0 0.0 0.00000 0.00000 0.00000 0.00000    464.0 -234.0 0.0 0.00000 0.00000 0.00000 0.00000    400.0 -298.0 0.0 0.00000 0.00000 0.00000 0.00000    400.0 -234.0 0.0 0.00000 0.00000 0.00000 0.00000  1
576.0 -288.0 0.0 0.00000 0.00000 0.00000 0.00000    576.0 -208.0 0.0 0.00000 0.00000 0.00000 0.00000    464.0 -288.0 0.0 0.00000 0.00000 0.00000 0.00000    464.0 -208.0 0.0 0.00000 0.00000 0.00000 0.00000  1
688.0 -272.0 0.0 0.00000 0.00000 0.00000 0.00000    688.0 -192.0 0.0 0.00000 0.00000 0.00000 0.00000    576.0 -272.0 0.0 0.00000 0.00000 0.00000 0.00000    576.0 -192.0 0.0 0.00000 0.00000 0.00000 0.00000  1
768.0 -256.0 0.0 0.00000 0.00000 0.00000 0.00000    768.0 -144.0 0.0 0.00000 0.00000 0.00000 0.00000    688.0 -256.0 0.0 0.00000 0.00000 0.00000 0.00000    688.0 -144.0 0.0 0.00000 0.00000 0.00000 0.00000  1
800.0 -212.0 0.0 0.00000 0.00000 0.00000 0.00000    800.0 -124.0 0.0 0.00000 0.00000 0.00000 0.00000    768.0 -212.0 0.0 0.00000 0.00000 0.00000 0.00000    768.0 -124.0 0.0 0.00000 0.00000 0.00000 0.00000  1
976.0 -180.0 0.0 0.00000 0.00000 0.00000 0.00000    976.0 -92.0 0.0 0.00000 0.00000 0.00000 0.00000    800.0 -180.0 0.0 0.00000 0.00000 0.00000 0.00000    800.0 -92.0 0.0 0.00000 0.00000 0.00000 0.00000  1
1200.0 -160.0 0.0 0.00000 0.00000 0.00000 0.00000    1200.0 -64.0 0.0 0.00000 0.00000 0.00000 0.00000    976.0 -160.0 0.0 0.00000 0.00000 0.00000 0.00000    976.0 -64.0 0.0 0.00000 0.00000 0.00000 0.00000  1
1264.0 -244.0 0.0 0.00000 0.00000 0.00000 0.00000    1264.0 -108.0 0.0 0.00000 0.00000 0.00000 0.00000    1200.0 -244.0 0.0 0.00000 0.00000 0.00000 0.00000    1200.0 -108.0 0.0 0.00000 0.00000 0.00000 0.00000  1
1344.0 -330.0 0.0 0.00000 0.00000 0.00000 0.00000    1344.0 -158.0 0.0 0.00000 0.00000 0.00000 0.00000    1264.0 -330.0 0.0 0.00000 0.00000 0.00000 0.00000    1264.0 -158.0 0.0 0.00000 0.00000 0.00000 0.00000  1
1456.0 -320.0 0.0 0.00000 0.00000 0.00000 0.00000    1456.0 -208.0 0.0 0.00000 0.00000 0.00000 0.00000    1344.0 -320.0 0.0 0.00000 0.00000 0.00000 0.00000    1344.0 -208.0 0.0 0.00000 0.00000 0.00000 0.00000  1
1520.0 -282.0 0.0 0.00000 0.00000 0.00000 0.00000    1520.0 -198.0 0.0 0.00000 0.00000 0.00000 0.00000    1456.0 -282.0 0.0 0.00000 0.00000 0.00000 0.00000    1456.0 -198.0 0.0 0.00000 0.00000 0.00000 0.00000  1
1648.0 -208.0 0.0 0.00000 0.00000 0.00000 0.00000    1648.0 -80.0 0.0 0.00000 0.00000 0.00000 0.00000    1520.0 -208.0 0.0 0.00000 0.00000 0.00000 0.00000    1520.0 -80.0 0.0 0.00000 0.00000 0.00000 0.00000  1
1648.0 -80.0 0.0 0.00000 0.00000 0.00000 0.00000    1648.0 16.0 0.0 0.00000 0.00000 0.00000 0.00000    1568.0 -80.0 0.0 0.00000 0.00000 0.00000 0.00000    1568.0 16.0 0.0 0.00000 0.00000 0.00000 0.00000  1
1792.0 -64.0 0.0 0.00000 0.00000 0.00000 0.00000    1792.0 16.0 0.0 0.00000 0.00000 0.00000 0.00000    1648.0 -64.0 0.0 0.00000 0.00000 0.00000 0.00000    1648.0 16.0 0.0 0.00000 0.00000 0.00000 0.00000  1
1888.0 -128.0 0.0 0.00000 0.00000 0.00000 0.00000    1888.0 0.0 0.0 0.00000 0.00000 0.00000 0.00000    1792.0 -128.0 0.0 0.00000 0.00000 0.00000 0.00000    1792.0 0.0 0.0 0.00000 0.00000 0.00000 0.00000  1
2016.0 -268.0 0.0 0.00000 0.00000 0.00000 0.00000    2016.0 -20.0 0.0 0.00000 0.00000 0.00000 0.00000    1888.0 -268.0 0.0 0.00000 0.00000 0.00000 0.00000    1888.0 -20.0 0.0 0.00000 0.00000 0.00000 0.00000  1
2144.0 -256.0 0.0 0.00000 0.00000 0.00000 0.00000    2144.0 -16.0 0.0 0.00000 0.00000 0.00000 0.00000    2016.0 -256.0 0.0 0.00000 0.00000 0.00000 0.00000    2016.0 -16.0 0.0 0.00000 0.00000 0.00000 0.00000  1
2224.0 -272.0 0.0 0.00000 0.00000 0.00000 0.00000    2224.0 -96.0 0.0 0.00000 0.00000 0.00000 0.00000    2144.0 -272.0 0.0 0.00000 0.00000 0.00000 0.00000    2144.0 -96.0 0.0 0.00000 0.00000 0.00000 0.00000  1
2288.0 -272.0 0.0 0.00000 0.00000 0.00000 0.00000    2288.0 -144.0 0.0 0.00000 0.00000 0.00000 0.00000    2224.0 -272.0 0.0 0.00000 0.00000 0.00000 0.00000    2224.0 -144.0 0.0 0.00000 0.00000 0.00000 0.00000  1
2144.0 -16.0 0.0 0.00000 0.00000 0.00000 0.00000    2144.0 112.0 0.0 0.00000 0.00000 0.00000 0.00000    2048.0 -16.0 0.0 0.00000 0.00000 0.00000 0.00000    2048.0 112.0 0.0 0.00000 0.00000 0.00000 0.00000  1
2224.0 112.0 0.0 0.00000 0.00000 0.00000 0.00000    2224.0 240.0 0.0 0.00000 0.00000 0.00000 0.00000    2096.0 112.0 0.0 0.00000 0.00000 0.00000 0.00000    2096.0 240.0 0.0 0.00000 0.00000 0.00000 0.00000  1
2242.0 240.0 0.0 0.00000 0.00000 0.00000 0.00000    2242.0 400.0 0.0 0.00000 0.00000 0.00000 0.00000    2098.0 240.0 0.0 0.00000 0.00000 0.00000 0.00000    2098.0 400.0 0.0 0.00000 0.00000 0.00000 0.00000  1
2432.0 512.0 0.0 0.00000 0.00000 0.00000 0.00000    2432.0 576.0 0.0 0.00000 0.00000 0.00000 0.00000    2160.0 512.0 0.0 0.00000 0.00000 0.00000 0.00000    2160.0 576.0 0.0 0.00000 0.00000 0.00000 0.00000  1
2560.0 544.0 0.0 0.00000 0.00000 0.00000 0.00000    2560.0 592.0 0.0 0.00000 0.00000 0.00000 0.00000    2432.0 544.0 0.0 0.00000 0.00000 0.00000 0.00000    2432.0 592.0 0.0 0.00000 0.00000 0.00000 0.00000  1
2720.0 576.0 0.0 0.00000 0.00000 0.00000 0.00000    2720.0 608.0 0.0 0.00000 0.00000 0.00000 0.00000    2560.0 576.0 0.0 0.00000 0.00000 0.00000 0.00000    2560.0 608.0 0.0 0.00000 0.00000 0.00000 0.00000  1
2816.0 560.0 0.0 0.00000 0.00000 0.00000 0.00000    2816.0 608.0 0.0 0.00000 0.00000 0.00000 0.00000    2720.0 560.0 0.0 0.00000 0.00000 0.00000 0.00000    2720.0 608.0 0.0 0.00000 0.00000 0.00000 0.00000  1
3000.0 576.0 0.0 0.00000 0.00000 0.00000 0.00000    3000.0 752.0 0.0 0.00000 0.00000 0.00000 0.00000    2816.0 576.0 0.0 0.00000 0.00000 0.00000 0.00000    2816.0 752.0 0.0 0.00000 0.00000 0.00000 0.00000  1
-496.0 576.0 0.0 0.00000 0.00000 0.00000 0.00000    -496.0 672.0 0.0 0.00000 0.00000 0.00000 0.00000    -656.0 576.0 0.0 0.00000 0.00000 0.00000 0.00000    -656.0 672.0 0.0 0.00000 0.00000 0.00000 0.00000  1
-484.0 672.0 0.0 0.00000 0.00000 0.00000 0.00000    -484.0 784.0 0.0 0.00000 0.00000 0.00000 0.00000    -740.0 672.0 0.0 0.00000 0.00000 0.00000 0.00000    -740.0 784.0 0.0 0.00000 0.00000 0.00000 0.00000  1
-384.0 784.0 0.0 0.00000 0.00000 0.00000 0.00000    -384.0 1008.0 0.0 0.00000 0.00000 0.00000 0.00000    -720.0 784.0 0.0 0.00000 0.00000 0.00000 0.00000    -720.0 1008.0 0.0 0.00000 0.00000 0.00000 0.00000  1
-400.0 1008.0 0.0 0.00000 0.00000 0.00000 0.00000    -400.0 1216.0 0.0 0.00000 0.00000 0.00000 0.00000    -640.0 1008.0 0.0 0.00000 0.00000 0.00000 0.00000    -640.0 1216.0 0.0 0.00000 0.00000 0.00000 0.00000  1
-688.0 1296.0 0.0 0.00000 0.00000 0.00000 0.00000    -688.0 1408.0 0.0 0.00000 0.00000 0.00000 0.00000    -880.0 1296.0 0.0 0.00000 0.00000 0.00000 0.00000    -880.0 1408.0 0.0 0.00000 0.00000 0.00000 0.00000  1
-400.0 1216.0 0.0 0.00000 0.00000 0.00000 0.00000    -400.0 1424.0 0.0 0.00000 0.00000 0.00000 0.00000    -688.0 1216.0 0.0 0.00000 0.00000 0.00000 0.00000    -688.0 1424.0 0.0 0.00000 0.00000 0.00000 0.00000  1
-448.0 1424.0 0.0 0.00000 0.00000 0.00000 0.00000    -448.0 1616.0 0.0 0.00000 0.00000 0.00000 0.00000    -672.0 1424.0 0.0 0.00000 0.00000 0.00000 0.00000    -672.0 1616.0 0.0 0.00000 0.00000 0.00000 0.00000  1
-512.0 1616.0 0.0 0.00000 0.00000 0.00000 0.00000    -512.0 1728.0 0.0 0.00000 0.00000 0.00000 0.00000    -832.0 1616.0 0.0 0.00000 0.00000 0.00000 0.00000    -832.0 1728.0 0.0 0.00000 0.00000 0.00000 0.00000  1
-832.0 1632.0 0.0 0.00000 0.00000 0.00000 0.00000    -832.0 1712.0 0.0 0.00000 0.00000 0.00000 0.00000    -984.0 1632.0 0.0 0.00000 0.00000 0.00000 0.00000    -984.0 1712.0 0.0 0.00000 0.00000 0.00000 0.00000  1
-576.0 1728.0 0.0 0.00000 0.00000 0.00000 0.00000    -576.0 2032.0 0.0 0.00000 0.00000 0.00000 0.00000    -832.0 1728.0 0.0 0.00000 0.00000 0.00000 0.00000    -832.0 2032.0 0.0 0.00000 0.00000 0.00000 0.00000  1
-1088.0 2536.0 40.6 0.00000 0.00000 0.00000 0.00000    -1088.0 2824.0 40.6 0.00000 0.00000 0.00000 0.00000    -1248.0 2536.0 40.6 0.00000 0.00000 0.00000 0.00000    -1248.0 2824.0 40.6 0.00000 0.00000 0.00000 0.00000  1
-1040.0 2544.0 40.6 0.00000 0.00000 0.00000 0.00000    -1040.0 2800.0 40.6 0.00000 0.00000 0.00000 0.00000    -1088.0 2544.0 40.6 0.00000 0.00000 0.00000 0.00000    -1088.0 2800.0 40.6 0.00000 0.00000 0.00000 0.00000  1
-832.0 2544.0 40.6 0.00000 0.00000 0.00000 0.00000    -832.0 2760.0 40.6 0.00000 0.00000 0.00000 0.00000    -1040.0 2544.0 40.6 0.00000 0.00000 0.00000 0.00000    -1040.0 2760.0 40.6 0.00000 0.00000 0.00000 0.00000  1
-832.0 2416.0 40.6 0.00000 0.00000 0.00000 0.00000    -832.0 2544.0 40.6 0.00000 0.00000 0.00000 0.00000    -1088.0 2416.0 40.6 0.00000 0.00000 0.00000 0.00000    -1088.0 2544.0 40.6 0.00000 0.00000 0.00000 0.00000  1
-864.0 2304.0 40.6 0.00000 0.00000 0.00000 0.00000    -864.0 2416.0 40.6 0.00000 0.00000 0.00000 0.00000    -1040.0 2304.0 40.6 0.00000 0.00000 0.00000 0.00000    -1040.0 2416.0 40.6 0.00000 0.00000 0.00000 0.00000  1
-864.0 2144.0 40.5999 0.00000 0.00000 0.00000 0.00000    -864.0 2304.0 40.6 0.00000 0.00000 0.00000 0.00000    -1024.0 2144.0 40.6 0.00000 0.00000 0.00000 0.00000    -1024.0 2304.0 40.6 0.00000 0.00000 0.00000 0.00000  1
-1024.0 2152.0 40.6 0.00000 0.00000 0.00000 0.00000    -1024.0 2264.0 40.6 0.00000 0.00000 0.00000 0.00000    -1072.0 2152.0 40.6 0.00000 0.00000 0.00000 0.00000    -1072.0 2264.0 40.6 0.00000 0.00000 0.00000 0.00000  1
-1072.0 2114.0 40.6 0.00000 0.00000 0.00000 0.00000    -1072.0 2242.0 40.6 0.00000 0.00000 0.00000 0.00000    -1200.0 2114.0 40.6 0.00000 0.00000 0.00000 0.00000    -1200.0 2242.0 40.6 0.00000 0.00000 0.00000 0.00000  1
-848.0 2016.0 40.6 0.00000 0.00000 0.00000 0.00000    -848.0 2144.0 40.5999 0.00000 0.00000 0.00000 0.00000    -976.0 2016.0 40.6 0.00000 0.00000 0.00000 0.00000    -976.0 2144.0 40.6 0.00000 0.00000 0.00000 0.00000  1
-448.0 2144.0 40.6 0.00000 0.00000 0.00000 0.00000    -448.0 2272.0 40.6 0.00000 0.00000 0.00000 0.00000    -864.0 2144.0 40.5999 0.00000 0.00000 0.00000 0.00000    -864.0 2272.0 40.6 0.00000 0.00000 0.00000 0.00000  1
-484.0 2272.0 40.6 0.00000 0.00000 0.00000 0.00000    -484.0 2320.0 40.6 0.00000 0.00000 0.00000 0.00000    -700.0 2272.0 40.6 0.00000 0.00000 0.00000 0.00000    -700.0 2320.0 40.6 0.00000 0.00000 0.00000 0.00000  1
-528.0 2320.0 40.6 0.00000 0.00000 0.00000 0.00000    -528.0 2352.0 40.6 0.00000 0.00000 0.00000 0.00000    -608.0 2320.0 40.6 0.00000 0.00000 0.00000 0.00000    -608.0 2352.0 40.6 0.00000 0.00000 0.00000 0.00000  1
-816.0 2044.0 40.6 0.00000 0.00000 0.00000 0.00000    -816.0 2144.0 40.5999 0.00000 0.00000 0.00000 0.00000    -848.0 2044.0 40.6 0.00000 0.00000 0.00000 0.00000    -848.0 2144.0 40.5999 0.00000 0.00000 0.00000 0.00000  1
-496.0 2060.0 40.6 0.00000 0.00000 0.00000 0.00000    -496.0 2144.0 40.6 0.00000 0.00000 0.00000 0.00000    -816.0 2060.0 40.6 0.00000 0.00000 0.00000 0.00000    -816.0 2144.0 40.5999 0.00000 0.00000 0.00000 0.00000  1
-484.0 2036.0 40.6 0.00000 0.00000 0.00000 0.00000    -484.0 2060.0 40.6 0.00000 0.00000 0.00000 0.00000    -604.0 2036.0 40.6 0.00000 0.00000 0.00000 0.00000    -604.0 2060.0 40.6 0.00000 0.00000 0.00000 0.00000  1
3000.0 -3000.0 0.0 0.00000 0.00000 0.00000 0.00000    3000.0 -2688.0 0.0 0.00000 0.00000 0.00000 0.00000    2376.0 -3000.0 0.0 0.00000 0.00000 0.00000 0.00000    2376.0 -2688.0 0.0 0.00000 0.00000 0.00000 0.00000  1
3000.0 -2688.0 0.0 0.00000 0.00000 0.00000 0.00000    3000.0 -2560.0 0.0 0.00000 0.00000 0.00000 0.00000    2520.0 -2688.0 0.0 0.00000 0.00000 0.00000 0.00000    2520.0 -2560.0 0.0 0.00000 0.00000 0.00000 0.00000  1
-1200.0 2082.0 40.6 0.00000 0.00000 0.00000 0.00000    -1200.0 2210.0 40.6 0.00000 0.00000 0.00000 0.00000    -1328.0 2082.0 40.6 0.00000 0.00000 0.00000 0.00000    -1328.0 2210.0 40.6 0.00000 0.00000 0.00000 0.00000  1
-1328.0 2074.0 40.6 0.00000 0.00000 0.00000 0.00000    -1328.0 2150.0 40.6 0.00000 0.00000 0.00000 0.00000    -1400.0 2074.0 40.6 0.00000 0.00000 0.00000 0.00000    -1400.0 2150.0 40.6 0.00000 0.00000 0.00000 0.00000  1
-992.0 -144.0 0.0 0.00000 0.00000 0.00000 0.00000    -992.0 208.0 0.0 0.00000 0.00000 0.00000 0.00000    -1248.0 -144.0 0.0 0.00000 0.00000 0.00000 0.00000    -1248.0 208.0 0.0 0.00000 0.00000 0.00000 0.00000  1
-992.0 -432.0 0.0 0.00000 0.00000 0.00000 0.00000    -992.0 -144.0 0.0 0.00000 0.00000 0.00000 0.00000    -1176.0 -432.0 0.0 0.00000 0.00000 0.00000 0.00000    -1176.0 -144.0 0.0 0.00000 0.00000 0.00000 0.00000  1
-1728.0 -592.0 0.0 0.00000 0.00000 0.00000 0.00000    -1728.0 -144.0 0.0 0.00000 0.00000 0.00000 0.00000    -1792.0 -592.0 0.0 0.00000 0.00000 0.00000 0.00000    -1792.0 -144.0 0.0 0.00000 0.00000 0.00000 0.00000  1
-1600.0 170.0 0.0 0.00000 0.00000 0.00000 0.00000    -1600.0 274.0 0.0 0.00000 0.00000 0.00000 0.00000    -1792.0 170.0 0.0 0.00000 0.00000 0.00000 0.00000    -1792.0 274.0 0.0 0.00000 0.00000 0.00000 0.00000  1
-1256.0 168.0 0.0 0.00000 0.00000 0.00000 0.00000    -1256.0 208.0 0.0 0.00000 0.00000 0.00000 0.00000    -1600.0 168.0 0.0 0.00000 0.00000 0.00000 0.00000    -1600.0 208.0 0.0 0.00000 0.00000 0.00000 0.00000  1
-1550.0 -44.0 0.0 0.00000 0.00000 0.00000 0.00000    -1550.0 108.0 0.0 0.00000 0.00000 0.00000 0.00000    -1574.0 -44.0 0.0 0.00000 0.00000 0.00000 0.00000    -1574.0 108.0 0.0 0.00000 0.00000 0.00000 0.00000  1
-280.0 -1908.0 0.0 0.00000 0.00000 0.00000 0.00000    -280.0 -1832.0 0.0 0.00000 0.00000 0.00000 0.00000    -464.0 -1908.0 0.0 0.00000 0.00000 0.00000 0.00000    -464.0 -1832.0 0.0 0.00000 0.00000 0.00000 0.00000  1
-2662.0 -522.0 2.79254 0.00000 0.00000 0.00000 0.00000    -2662.0 -414.0 2.79254 0.00000 0.00000 0.00000 0.00000    -2778.0 -522.0 2.79254 0.00000 0.00000 0.00000 0.00000    -2778.0 -414.0 2.79254 0.00000 0.00000 0.00000 0.00000  1
1572.0 -252.0 0.0 0.00000 0.00000 0.00000 0.00000    1572.0 -208.0 0.0 0.00000 0.00000 0.00000 0.00000    1520.0 -252.0 0.0 0.00000 0.00000 0.00000 0.00000    1520.0 -208.0 0.0 0.00000 0.00000 0.00000 0.00000  1
-2910.0 -446.0 0.0 0.00000 0.00000 0.00000 0.00000    -2910.0 354.0 0.0 0.00000 0.00000 0.00000 0.00000    -3000.0 -446.0 0.0 0.00000 0.00000 0.00000 0.00000    -3000.0 354.0 0.0 0.00000 0.00000 0.00000 0.00000  1
-2294.0 2224.0 0.0 0.00000 0.00000 0.00000 0.00000    -2294.0 2340.0 0.0 0.00000 0.00000 0.00000 0.00000    -2434.0 2224.0 0.0 0.00000 0.00000 0.00000 0.00000    -2434.0 2340.0 0.0 0.00000 0.00000 0.00000 0.00000  1
-2208.0 2224.0 0.0 0.00000 0.00000 0.00000 0.00000    -2208.0 2312.0 0.0 0.00000 0.00000 0.00000 0.00000    -2294.0 2224.0 0.0 0.00000 0.00000 0.00000 0.00000    -2294.0 2312.0 0.0 0.00000 0.00000 0.00000 0.00000  1
-2832.0 2942.0 0.0 0.00000 0.00000 0.00000 0.00000    -2832.0 3000.0 0.0 0.00000 0.00000 0.00000 0.00000    -3000.0 2942.0 0.0 0.00000 0.00000 0.00000 0.00000    -3000.0 3000.0 0.0 0.00000 0.00000 0.00000 0.00000  1
-494.0 2004.0 40.6 0.00000 0.00000 0.00000 0.00000    -494.0 2036.0 40.6 0.00000 0.00000 0.00000 0.00000    -550.0 2004.0 40.6 0.00000 0.00000 0.00000 0.00000    -550.0 2036.0 40.6 0.00000 0.00000 0.00000 0.00000  1
-776.0 842.0 0.0 0.00000 0.00000 0.00000 0.00000    -776.0 954.0 0.0 0.00000 0.00000 0.00000 0.00000    -896.0 842.0 0.0 0.00000 0.00000 0.00000 0.00000    -896.0 954.0 0.0 0.00000 0.00000 0.00000 0.00000  1
-2088.0 1336.0 0.0 0.00000 0.00000 0.00000 0.00000    -2088.0 1432.0 0.0 0.00000 0.00000 0.00000 0.00000    -2240.0 1336.0 0.0 0.00000 0.00000 0.00000 0.00000    -2240.0 1432.0 0.0 0.00000 0.00000 0.00000 0.00000  1
-2930.0 -822.0 0.0 0.00000 0.00000 0.00000 0.00000    -2930.0 -446.0 0.0 0.00000 0.00000 0.00000 0.00000    -3000.0 -822.0 0.0 0.00000 0.00000 0.00000 0.00000    -3000.0 -446.0 0.0 0.00000 0.00000 0.00000 0.00000  1
-2520.0 2224.0 0.0 0.00000 0.00000 0.00000 0.00000    -2520.0 2264.0 0.0 0.00000 0.00000 0.00000 0.00000    -2660.0 2224.0 0.0 0.00000 0.00000 0.00000 0.00000    -2660.0 2264.0 0.0 0.00000 0.00000 0.00000 0.00000  1
-138.0 -460.0 0.0 0.00000 0.00000 0.00000 0.00000    -138.0 -400.0 0.0 0.00000 0.00000 0.00000 0.00000    -378.0 -460.0 0.0 0.00000 0.00000 0.00000 0.00000    -378.0 -400.0 0.0 0.00000 0.00000 0.00000 0.00000  1
1278.0 -2414.0 8.86444 0.00000 0.00000 0.00000 0.00000    1278.0 -2334.0 8.86444 0.00000 0.00000 0.00000 0.00000    1202.0 -2414.0 8.86444 0.00000 0.00000 0.00000 0.00000    1202.0 -2334.0 8.86444 0.00000 0.00000 0.00000 0.00000  1
1128.0 -2412.0 0.0 0.00000 0.00000 0.00000 0.00000    1128.0 -2372.0 0.0 0.00000 0.00000 0.00000 0.00000    1072.0 -2412.0 0.0 0.00000 0.00000 0.00000 0.00000    1072.0 -2372.0 0.0 0.00000 0.00000 0.00000 0.00000  1
-1424.0 784.0 0.0 0.00000 0.00000 0.00000 0.00000    -1424.0 840.0 0.0 0.00000 0.00000 0.00000 0.00000    -1484.0 784.0 0.0 0.00000 0.00000 0.00000 0.00000    -1484.0 840.0 0.0 0.00000 0.00000 0.00000 0.00000  1
-432.0 566.0 0.0 0.00000 0.00000 0.00000 0.00000    -432.0 642.0 0.0 0.00000 0.00000 0.00000 0.00000    -496.0 566.0 0.0 0.00000 0.00000 0.00000 0.00000    -496.0 642.0 0.0 0.00000 0.00000 0.00000 0.00000  1
490.0 2808.0 -4.0 0.00000 0.00000 0.00000 0.00000    490.0 3160.0 -4.0 0.00000 0.00000 0.00000 0.00000    0.0 2808.0 -4.0 0.00000 0.00000 0.00000 0.00000    0.0 3160.0 -4.0 0.00000 0.00000 0.00000 0.00000  1
2670.0 -2240.0 0.0 0.00000 0.00000 0.00000 0.00000    2670.0 -2120.0 -5.0 0.00000 0.00000 0.00000 0.00000    2502.0 -2240.0 0.0 0.00000 0.00000 0.00000 0.00000    2502.0 -2120.0 -5.0 0.00000 0.00000 0.00000 0.00000  1
120.0 544.0 0.0 0.00000 0.00000 0.00000 0.00000    120.0 572.0 0.0 0.00000 0.00000 0.00000 0.00000    88.0 544.0 0.0 0.00000 0.00000 0.00000 0.00000    88.0 572.0 0.0 0.00000 0.00000 0.00000 0.00000  1
1888.0 -202.0 0.0 0.00000 0.00000 0.00000 0.00000    1888.0 -158.0 0.0 0.00000 0.00000 0.00000 0.00000    1856.0 -202.0 0.0 0.00000 0.00000 0.00000 0.00000    1856.0 -158.0 0.0 0.00000 0.00000 0.00000 0.00000  1
-2382.0 -310.0 35.382 0.00000 0.00000 0.00000 0.00000    -2382.0 -234.0 35.382 0.00000 0.00000 0.00000 0.00000    -2522.0 -310.0 35.382 0.00000 0.00000 0.00000 0.00000    -2522.0 -234.0 35.382 0.00000 0.00000 0.00000 0.00000  1
2888.0 -2136.0 0.0 0.00000 0.00000 0.00000 0.00000    2888.0 -2120.0 0.0 0.00000 0.00000 0.00000 0.00000    2872.0 -2136.0 0.0 0.00000 0.00000 0.00000 0.00000    2872.0 -2120.0 0.0 0.00000 0.00000 0.00000 0.00000  1
2776.0 -2240.0 0.0 0.00000 0.00000 0.00000 0.00000    2776.0 -2232.0 0.0 0.00000 0.00000 0.00000 0.00000    2760.0 -2240.0 0.0 0.00000 0.00000 0.00000 0.00000    2760.0 -2232.0 0.0 0.00000 0.00000 0.00000 0.00000  1
-912.0 208.0 0.0 0.00000 0.00000 0.00000 0.00000    -724.0 208.0 0.0 0.00000 0.00000 0.00000 0.00000    -912.0 20.0 0.0 0.00000 0.00000 0.00000 0.00000  1
-1550.0 168.0 0.0 0.00000 0.00000 0.00000 0.00000    -1550.0 108.0 0.0 0.00000 0.00000 0.00000 0.00000    -1610.0 168.0 0.0 0.00000 0.00000 0.00000 0.00000  1
-1728.0 -62.0 0.0 0.00000 0.00000 0.00000 0.00000    -1568.0 -62.0 0.0 0.00000 0.00000 0.00000 0.00000    -1728.0 -222.0 0.0 0.00000 0.00000 0.00000 0.00000  1
-1724.0 170.0 0.0 0.00000 0.00000 0.00000 0.00000    -1612.0 170.0 0.0 0.00000 0.00000 0.00000 0.00000    -1724.0 58.0 0.0 0.00000 0.00000 0.00000 0.00000  1
-1550.0 168.0 0.0 0.00000 0.00000 0.00000 0.00000    -1362.0 168.0 0.0 0.00000 0.00000 0.00000 0.00000    -1550.0 -20.0 0.0 0.00000 0.00000 0.00000 0.00000  1
-1574.0 -62.0 0.0 0.00000 0.00000 0.00000 0.00000    -1722.0 -62.0 0.0 0.00000 0.00000 0.00000 0.00000    -1574.0 86.0 0.0 0.00000 0.00000 0.00000 0.00000  1
1588.0 3414.0 22.6 0.00000 0.00000 0.00000 0.00000    1588.0 3452.0 22.6 0.00000 0.00000 0.00000 0.00000    1566.0 3414.0 22.6 0.00000 0.00000 0.00000 0.00000    1566.0 3452.0 22.6 0.00000 0.00000 0.00000 0.00000  1
2012.0 -1222.0 18.0 0.00000 0.00000 0.00000 0.00000    2012.0 -1178.0 18.0 0.00000 0.00000 0.00000 0.00000    1928.0 -1222.0 18.0 0.00000 0.00000 0.00000 0.00000    1928.0 -1178.0 18.0 0.00000 0.00000 0.00000 0.00000  1
2260.0 -1182.0 23.3374 0.00000 0.00000 0.00000 0.00000    2260.0 -1170.0 23.3374 0.00000 0.00000 0.00000 0.00000    2248.0 -1182.0 23.3374 0.00000 0.00000 0.00000 0.00000    2248.0 -1170.0 23.3374 0.00000 0.00000 0.00000 0.00000  1
2328.0 -1432.0 22.165 0.00000 0.00000 0.00000 0.00000    2328.0 -1400.0 22.165 0.00000 0.00000 0.00000 0.00000    2292.0 -1432.0 22.165 0.00000 0.00000 0.00000 0.00000    2292.0 -1400.0 22.165 0.00000 0.00000 0.00000 0.00000  1
2036.0 1468.0 8.59839 0.00000 0.00000 0.00000 0.00000    2036.0 1700.0 8.59839 0.00000 0.00000 0.00000 0.00000    1888.0 1468.0 8.59839 0.00000 0.00000 0.00000 0.00000    1888.0 1700.0 8.59839 0.00000 0.00000 0.00000 0.00000  1
2146.0 1670.0 9.61169 0.00000 0.00000 0.00000 0.00000    2146.0 1694.0 9.61169 0.00000 0.00000 0.00000 0.00000    2090.0 1670.0 9.61169 0.00000 0.00000 0.00000 0.00000    2090.0 1694.0 9.61169 0.00000 0.00000 0.00000 0.00000  1
2178.0 1234.0 7.83276 0.00000 0.00000 0.00000 0.00000    2178.0 1330.0 7.83276 0.00000 0.00000 0.00000 0.00000    2110.0 1234.0 7.83276 0.00000 0.00000 0.00000 0.00000    2110.0 1330.0 7.83276 0.00000 0.00000 0.00000 0.00000  1
2180.0 1084.0 7.56287 0.00000 0.00000 0.00000 0.00000    2180.0 1172.0 7.56287 0.00000 0.00000 0.00000 0.00000    2108.0 1084.0 7.56287 0.00000 0.00000 0.00000 0.00000    2108.0 1172.0 7.56287 0.00000 0.00000 0.00000 0.00000  1
2554.0 1546.0 8.9671 0.00000 0.00000 0.00000 0.00000    2554.0 1586.0 8.9671 0.00000 0.00000 0.00000 0.00000    2506.0 1546.0 8.9671 0.00000 0.00000 0.00000 0.00000    2506.0 1586.0 8.9671 0.00000 0.00000 0.00000 0.00000  1
1290.0 -812.0 86.673 0.00000 0.00000 0.00000 0.00000    1290.0 -800.0 86.673 0.00000 0.00000 0.00000 0.00000    1270.0 -812.0 86.673 0.00000 0.00000 0.00000 0.00000    1270.0 -800.0 86.673 0.00000 0.00000 0.00000 0.00000  1
1104.0 -684.0 112.0 0.00000 0.00000 0.00000 0.00000    1104.0 -660.0 112.0 0.00000 0.00000 0.00000 0.00000    1084.0 -684.0 112.0 0.00000 0.00000 0.00000 0.00000    1084.0 -660.0 112.0 0.00000 0.00000 0.00000 0.00000  1
522.0 -1114.0 78.4231 0.00000 0.00000 0.00000 0.00000    522.0 -1098.0 78.4231 0.00000 0.00000 0.00000 0.00000    502.0 -1114.0 78.4231 0.00000 0.00000 0.00000 0.00000    502.0 -1098.0 78.4231 0.00000 0.00000 0.00000 0.00000  1
246.0 -1208.0 74.0 0.00000 0.00000 0.00000 0.00000    246.0 -1180.0 74.0 0.00000 0.00000 0.00000 0.00000    214.0 -1208.0 74.0 0.00000 0.00000 0.00000 0.00000    214.0 -1180.0 74.0 0.00000 0.00000 0.00000 0.00000  1
238.0 -1180.0 74.0 0.00000 0.00000 0.00000 0.00000    238.0 -1172.0 74.0 0.00000 0.00000 0.00000 0.00000    218.0 -1180.0 74.0 0.00000 0.00000 0.00000 0.00000    218.0 -1172.0 74.0 0.00000 0.00000 0.00000 0.00000  1
206.0 -1244.0 77.0534 0.00000 0.00000 0.00000 0.00000    206.0 -1216.0 77.0534 0.00000 0.00000 0.00000 0.00000    178.0 -1244.0 77.0534 0.00000 0.00000 0.00000 0.00000    178.0 -1216.0 77.0534 0.00000 0.00000 0.00000 0.00000  1
1792.0 2780.0 8.47296 0.00000 0.00000 0.00000 0.00000    1792.0 2868.0 8.47296 0.00000 0.00000 0.00000 0.00000    1744.0 2780.0 8.47296 0.00000 0.00000 0.00000 0.00000    1744.0 2868.0 8.47296 0.00000 0.00000 0.00000 0.00000  1
2110.0 1868.0 9.62915 0.00000 0.00000 0.00000 0.00000    2110.0 1964.0 9.62915 0.00000 0.00000 0.00000 0.00000    2058.0 1868.0 9.62915 0.00000 0.00000 0.00000 0.00000    2058.0 1964.0 9.62915 0.00000 0.00000 0.00000 0.00000  1
1888.0 1468.0 8.59839 0.00000 0.00000 0.00000 0.00000    1888.0 1568.0 8.59839 0.00000 0.00000 0.00000 0.00000    1836.0 1468.0 8.59839 0.00000 0.00000 0.00000 0.00000    1836.0 1568.0 8.59839 0.00000 0.00000 0.00000 0.00000  1
902.0 -1106.0 22.41 0.00000 0.00000 0.00000 0.00000    902.0 -1098.0 22.41 0.00000 0.00000 0.00000 0.00000    890.0 -1106.0 22.41 0.00000 0.00000 0.00000 0.00000    890.0 -1098.0 22.41 0.00000 0.00000 0.00000 0.00000  1
1290.0 -780.0 1082.73 0.00000 0.00000 0.00000 0.00000    1290.0 -768.0 1082.73 0.00000 0.00000 0.00000 0.00000    1270.0 -780.0 1082.73 0.00000 0.00000 0.00000 0.00000    1270.0 -768.0 1082.73 0.00000 0.00000 0.00000 0.00000  1
-2004.0 -962.0 30.4 0.00000 0.00000 0.00000 0.00000    -2004.0 -758.0 30.4 0.00000 0.00000 0.00000 0.00000    -2048.0 -962.0 30.4 0.00000 0.00000 0.00000 0.00000    -2048.0 -758.0 30.4 0.00000 0.00000 0.00000 0.00000  1
2604.0 2370.0 16.4 0.00000 0.00000 0.00000 0.00000    2604.0 2398.0 16.4 0.00000 0.00000 0.00000 0.00000    2564.0 2370.0 16.4 0.00000 0.00000 0.00000 0.00000    2564.0 2398.0 16.4 0.00000 0.00000 0.00000 0.00000  1
-664.0 -2082.0 5.27002 0.00000 0.00000 0.00000 0.00000    -664.0 -1866.0 5.27002 0.00000 0.00000 0.00000 0.00000    -848.0 -2082.0 5.27002 0.00000 0.00000 0.00000 0.00000    -848.0 -1866.0 5.27002 0.00000 0.00000 0.00000 0.00000  1
-464.0 -1924.0 5.27002 0.00000 0.00000 0.00000 0.00000    -464.0 -1864.0 5.27002 0.00000 0.00000 0.00000 0.00000    -664.0 -1924.0 5.27002 0.00000 0.00000 0.00000 0.00000    -664.0 -1864.0 5.27002 0.00000 0.00000 0.00000 0.00000  1
3000.0 3870.0 0.0 0.00000 0.00000 0.00000 0.00000    3000.0 4500.0 0.0 0.00000 0.00000 0.00000 0.00000    1856.0 3870.0 0.0 0.00000 0.00000 0.00000 0.00000    1856.0 4500.0 0.0 0.00000 0.00000 0.00000 0.00000  1
1974.0 3600.0 0.0 0.00000 0.00000 0.00000 0.00000    1974.0 3870.0 0.0 0.00000 0.00000 0.00000 0.00000    100.0 3600.0 0.0 0.00000 0.00000 0.00000 0.00000    100.0 3870.0 0.0 0.00000 0.00000 0.00000 0.00000  1
450.0 3870.0 0.0 0.00000 0.00000 0.00000 0.00000    450.0 4096.0 0.0 0.00000 0.00000 0.00000 0.00000    -56.0 3870.0 0.0 0.00000 0.00000 0.00000 0.00000    -56.0 4096.0 0.0 0.00000 0.00000 0.00000 0.00000  1
100.0 3108.0 0.0 0.00000 0.00000 0.00000 0.00000    100.0 3870.0 0.0 0.00000 0.00000 0.00000 0.00000    -1682.0 3108.0 0.0 0.00000 0.00000 0.00000 0.00000    -1682.0 3870.0 0.0 0.00000 0.00000 0.00000 0.00000  1
-1156.0 3870.0 0.0 0.00000 0.00000 0.00000 0.00000    -1156.0 4428.0 0.0 0.00000 0.00000 0.00000 0.00000    -1682.0 3870.0 0.0 0.00000 0.00000 0.00000 0.00000    -1682.0 4428.0 0.0 0.00000 0.00000 0.00000 0.00000  1
-1568.0 4428.0 0.0 0.00000 0.00000 0.00000 0.00000    -1568.0 4712.0 0.0 0.00000 0.00000 0.00000 0.00000    -3000.0 4428.0 0.0 0.00000 0.00000 0.00000 0.00000    -3000.0 4712.0 0.0 0.00000 0.00000 0.00000 0.00000  1
1728.0 5458.0 0.0 0.00000 0.00000 0.00000 0.00000    1728.0 7894.0 0.0 0.00000 0.00000 0.00000 0.00000    92.0 5458.0 0.0 0.00000 0.00000 0.00000 0.00000    92.0 7894.0 0.0 0.00000 0.00000 0.00000 0.00000  1
-1102.0 6350.0 0.0 0.00000 0.00000 0.00000 0.00000    -1102.0 6446.0 0.0 0.00000 0.00000 0.00000 0.00000    -1204.0 6350.0 0.0 0.00000 0.00000 0.00000 0.00000    -1204.0 6446.0 0.0 0.00000 0.00000 0.00000 0.00000  1
-934.0 6308.0 0.0 0.00000 0.00000 0.00000 0.00000    -934.0 6452.0 0.0 0.00000 0.00000 0.00000 0.00000    -1102.0 6308.0 0.0 0.00000 0.00000 0.00000 0.00000    -1102.0 6452.0 0.0 0.00000 0.00000 0.00000 0.00000  1
-832.0 6308.0 0.0 0.00000 0.00000 0.00000 0.00000    -832.0 6462.0 0.0 0.00000 0.00000 0.00000 0.00000    -934.0 6308.0 0.0 0.00000 0.00000 0.00000 0.00000    -934.0 6462.0 0.0 0.00000 0.00000 0.00000 0.00000  1
-600.0 6280.0 0.0 0.00000 0.00000 0.00000 0.00000    -600.0 6520.0 0.0 0.00000 0.00000 0.00000 0.00000    -832.0 6280.0 0.0 0.00000 0.00000 0.00000 0.00000    -832.0 6520.0 0.0 0.00000 0.00000 0.00000 0.00000  1
-2522.0 5766.0 176.0 0.00000 0.00000 0.00000 0.00000    -2522.0 5822.0 176.0 0.00000 0.00000 0.00000 0.00000    -2624.0 5766.0 176.0 0.00000 0.00000 0.00000 0.00000    -2624.0 5822.0 176.0 0.00000 0.00000 0.00000 0.00000  1
-3000.0 4428.0 0.0 0.00000 0.00000 0.00000 0.00000    -3000.0 6128.0 0.0 0.00000 0.00000 0.00000 0.00000    -3500.0 4428.0 0.0 0.00000 0.00000 0.00000 0.00000    -3500.0 6128.0 0.0 0.00000 0.00000 0.00000 0.00000  1
